/*--------------------------------*- C++ -*----------------------------------*\
  =========                 |
  \\      /  F ield         | OpenFOAM: The Open Source CFD Toolbox
   \\    /   O peration     | Website:  https://openfoam.org
    \\  /    A nd           | Version:  dev
     \\/     M anipulation  |
\*---------------------------------------------------------------------------*/
FoamFile
{
    version     2.0;
    format      ascii;
    class       volScalarField;
    location    "0";
    object      alphat;
}
// * * * * * * * * * * * * * * * * * * * * * * * * * * * * * * * * * * * * * //

dimensions      [ 1 -1 -1 0 0 0 0 ];

internalField   nonuniform List<scalar> 
3000
(
1.27775285252e-05
6.80775839249e-06
4.05896269065e-06
2.84113426724e-06
2.4007257213e-06
2.43958108268e-06
2.87319531092e-06
3.72459165892e-06
5.06841550312e-06
6.98485646608e-06
9.50143831897e-06
1.25127978283e-05
1.56916319646e-05
1.8454678392e-05
2.00921027716e-05
1.48529048583e-05
9.99938701626e-06
6.8857772397e-06
4.92468916656e-06
3.71739786149e-06
3.01251664661e-06
2.65565213181e-06
2.56197138622e-06
2.69353721958e-06
3.04187738168e-06
3.6100255615e-06
4.38516182869e-06
5.29494736391e-06
6.16056086576e-06
6.70783771743e-06
1.27090386525e-05
9.64946464584e-06
7.3252518732e-06
5.61850405258e-06
4.42182402224e-06
3.59014491487e-06
3.03856247658e-06
2.71019936919e-06
2.56817623165e-06
2.58840447213e-06
2.75576913672e-06
3.05151240577e-06
3.43228696712e-06
3.80870731409e-06
4.05042697358e-06
1.10123002818e-05
8.77025325156e-06
7.02725968522e-06
5.68240422793e-06
4.62569162085e-06
3.83248423456e-06
3.25532924341e-06
2.86673142755e-06
2.62573333876e-06
2.51412468656e-06
2.51752969684e-06
2.62024887238e-06
2.78847149076e-06
2.96801247345e-06
3.08630759415e-06
9.70650242205e-06
7.94928216894e-06
6.5625052357e-06
5.45925014605e-06
4.57923855634e-06
3.88706220432e-06
3.35714936837e-06
2.95638605464e-06
2.68013589842e-06
2.51329749985e-06
2.44225275801e-06
2.45033544795e-06
2.51342645685e-06
2.59605033624e-06
2.65399422416e-06
8.85104017528e-06
7.33893764422e-06
6.1525557616e-06
5.20636646096e-06
4.44550000195e-06
3.83504367829e-06
3.35154906532e-06
2.97749259958e-06
2.70177715759e-06
2.51468598019e-06
2.40626924109e-06
2.36361192912e-06
2.37236060056e-06
2.40588041109e-06
2.43364573581e-06
8.27787583096e-06
6.9041319241e-06
5.83200987507e-06
4.98073608941e-06
4.29700827253e-06
3.74593281132e-06
3.30448659971e-06
2.95713156058e-06
2.69317210358e-06
2.50433053148e-06
2.38274642713e-06
2.31887705202e-06
2.29950030771e-06
2.30574857692e-06
2.3163641811e-06
7.90981409914e-06
6.60694312656e-06
5.59582179504e-06
4.79817779808e-06
4.16122003273e-06
3.64950426464e-06
3.23929546022e-06
2.91466140946e-06
2.66469712434e-06
2.48133812115e-06
2.35742450008e-06
2.28474452517e-06
2.25217267621e-06
2.24487201536e-06
2.2467582695e-06
7.67304461716e-06
6.40726603927e-06
5.42755561796e-06
4.65834053955e-06
4.04767584046e-06
3.55986165636e-06
3.17043138906e-06
2.86265732106e-06
2.62498301055e-06
2.44897193481e-06
2.32746452622e-06
2.25275830446e-06
2.21498191984e-06
2.20156635768e-06
2.19931438128e-06
7.52466224565e-06
6.27620704091e-06
5.31103301414e-06
4.55534658044e-06
3.95796729833e-06
3.48320657435e-06
3.10615405562e-06
2.80943697954e-06
2.58084313575e-06
2.41140621593e-06
2.29366957515e-06
2.21998576627e-06
2.18104569864e-06
2.16544934699e-06
2.1615312624e-06
7.43278170472e-06
6.19167703497e-06
5.23216704861e-06
4.48176585926e-06
3.88996737482e-06
3.42126103934e-06
3.05056510377e-06
2.76012334909e-06
2.53725166082e-06
2.37252885047e-06
2.25815215693e-06
2.1863293083e-06
2.14790590139e-06
2.13198673017e-06
2.12762887762e-06
7.37733041001e-06
6.13828994612e-06
5.17989292571e-06
4.43046962274e-06
3.84000355126e-06
3.37319265339e-06
3.00493996769e-06
2.71731183998e-06
2.49735012191e-06
2.3353285934e-06
2.2231714543e-06
2.15290682207e-06
2.11535137643e-06
2.09975902532e-06
2.09545508639e-06
7.34487162012e-06
6.10531251171e-06
5.1458945462e-06
4.39540507817e-06
3.80414096767e-06
3.33697367861e-06
2.96885462677e-06
2.68179500833e-06
2.46270781755e-06
2.3016997925e-06
2.19052711881e-06
2.12108362702e-06
2.08411226979e-06
2.06886319225e-06
2.06470745385e-06
7.3263719036e-06
6.08534257234e-06
5.12413322834e-06
4.37180023061e-06
3.77883933017e-06
3.31025213398e-06
2.94105458364e-06
2.65326321208e-06
2.43374984115e-06
2.27255186543e-06
2.16134848219e-06
2.09196577866e-06
2.05509498793e-06
2.03994551586e-06
2.03585203575e-06
7.31626904039e-06
6.07352790626e-06
5.11040403156e-06
4.35609143489e-06
3.76120030973e-06
3.29081967154e-06
2.92002342667e-06
2.63085676706e-06
2.41019578871e-06
2.24806743632e-06
2.13613726631e-06
2.06622182366e-06
2.02900278539e-06
2.01366518074e-06
2.00949827964e-06
7.31108680314e-06
6.06672593108e-06
5.10185358106e-06
4.34572038901e-06
3.74899380339e-06
3.27681544787e-06
2.90430298135e-06
2.61353449244e-06
2.39140986379e-06
2.22797636886e-06
2.11492372518e-06
2.04409962384e-06
2.00621528002e-06
1.99046332261e-06
1.98610702926e-06
7.30866531556e-06
6.0629261285e-06
5.09658315504e-06
4.33890228231e-06
3.74057464337e-06
3.2667704136e-06
2.89263709608e-06
2.60028195477e-06
2.37663425243e-06
2.21177494367e-06
2.09743746846e-06
2.02552566214e-06
1.98681048856e-06
1.97052481338e-06
1.96592848194e-06
7.30772172143e-06
6.06087676712e-06
5.09335627724e-06
4.33442011429e-06
3.73476429113e-06
3.25957206717e-06
2.8840096162e-06
2.59020713834e-06
2.36512194575e-06
2.19887175413e-06
2.08324112405e-06
2.01020394496e-06
1.97061889006e-06
1.95381792014e-06
1.94917830322e-06
7.30751878423e-06
6.05981822557e-06
5.0913838576e-06
4.33145979575e-06
3.7307369404e-06
3.25440199396e-06
2.87763139721e-06
2.58257168914e-06
2.35620309935e-06
2.1886751795e-06
2.07181621178e-06
1.99765507228e-06
1.95710428867e-06
1.93951647316e-06
1.93420684845e-06
7.30764608738e-06
6.05929924423e-06
5.09017093077e-06
4.32948541493e-06
3.72792375744e-06
3.25067077486e-06
2.87290766667e-06
2.57679189494e-06
2.34932148479e-06
2.18067274571e-06
2.0627126897e-06
1.98752274211e-06
1.94607911489e-06
1.92780311152e-06
1.92209087978e-06
7.30788362761e-06
6.05906235038e-06
5.08941496973e-06
4.32815014449e-06
3.72593876159e-06
3.24796107477e-06
2.86939962523e-06
2.57241905841e-06
2.34403122459e-06
2.17443467027e-06
2.05552941222e-06
1.97944129053e-06
1.93719573461e-06
1.91824730379e-06
1.91196924756e-06
7.30812395506e-06
6.05895662278e-06
5.08892716995e-06
4.32722797859e-06
3.72452014934e-06
3.24597873702e-06
2.8667863341e-06
2.56911303776e-06
2.33998286307e-06
2.16961584738e-06
2.04994720487e-06
1.97315737831e-06
1.93035167585e-06
1.91109640941e-06
1.90492577709e-06
7.30832458349e-06
6.05890956463e-06
5.08860057064e-06
4.32657777982e-06
3.72349294615e-06
3.24451695412e-06
2.8648316096e-06
2.56661093295e-06
2.33688878869e-06
2.16590313776e-06
2.04561825443e-06
1.96825743315e-06
1.92498106633e-06
1.90541070343e-06
1.89910726913e-06
7.30847434161e-06
6.05888306913e-06
5.08837050797e-06
4.326107106e-06
3.72273787353e-06
3.24342910814e-06
2.8633615174e-06
2.56471176793e-06
2.3345211269e-06
2.16304131263e-06
2.04225880779e-06
1.96442910903e-06
1.92075310928e-06
1.90089302303e-06
1.89443715051e-06
7.30857681825e-06
6.05886063057e-06
5.08820018147e-06
4.32575849662e-06
3.72217491556e-06
3.24261203096e-06
2.86224923534e-06
2.56326480549e-06
2.33270535442e-06
2.16083292124e-06
2.0396509206e-06
1.96143973682e-06
1.917432331e-06
1.89732509673e-06
1.89073390756e-06
7.30864092276e-06
6.05883636374e-06
5.0880684181e-06
4.32549453946e-06
3.72174945005e-06
3.24199276982e-06
2.86140255595e-06
2.56215799626e-06
2.33130953358e-06
2.15912696343e-06
2.03762674416e-06
1.95910883316e-06
1.91483205735e-06
1.89452144853e-06
1.887817492e-06
7.30867648093e-06
6.05880933699e-06
5.08796299732e-06
4.32529067422e-06
3.72142389157e-06
3.24151950605e-06
2.86075437215e-06
2.56130817354e-06
2.33023411875e-06
2.15780787508e-06
2.03605601301e-06
1.95729394099e-06
1.91280127468e-06
1.89232656327e-06
1.88553106099e-06
7.30869226257e-06
6.05878061809e-06
5.08787703676e-06
4.32513138056e-06
3.72117250484e-06
3.24115535918e-06
2.86025571498e-06
2.56065348218e-06
2.3294038725e-06
2.15678701423e-06
2.03483732778e-06
1.95588238786e-06
1.91121838444e-06
1.8906128661e-06
1.88374411923e-06
7.30869533024e-06
6.05875214284e-06
5.08780605147e-06
4.32500542578e-06
3.72097679034e-06
3.24087350635e-06
2.85987045039e-06
2.56014762685e-06
2.3287617193e-06
2.15599626081e-06
2.03389176402e-06
1.95478534707e-06
1.90998631653e-06
1.88927739186e-06
1.88235059275e-06
7.3086907797e-06
6.05872453958e-06
5.08774729905e-06
4.32490527571e-06
3.72082359553e-06
3.24065437966e-06
2.85957177315e-06
2.55975580165e-06
2.32826423772e-06
2.15538321802e-06
2.0331579771e-06
1.95393309183e-06
1.90902818764e-06
1.88823799646e-06
1.8812654877e-06
7.30868230411e-06
6.05869947123e-06
5.08769881492e-06
4.32482542533e-06
3.72070325688e-06
3.24048346411e-06
2.85933960273e-06
2.55945168297e-06
2.32787828862e-06
2.15490754991e-06
2.03258835718e-06
1.95327109941e-06
1.90828348341e-06
1.88742969461e-06
1.88042136391e-06
7.30867230588e-06
6.05867722821e-06
5.08765895127e-06
4.32476168901e-06
3.72060851608e-06
3.24034984341e-06
2.859158761e-06
2.55921524965e-06
2.3275785025e-06
2.15453817879e-06
2.03214599704e-06
1.95275686557e-06
1.90770479948e-06
1.88680139079e-06
1.87976508199e-06
7.30866226082e-06
6.05865804426e-06
5.08762638782e-06
4.3247108563e-06
3.7205338569e-06
3.24024522792e-06
2.85901769344e-06
2.55903120156e-06
2.32734540552e-06
2.15425113914e-06
2.03180230818e-06
1.95235732997e-06
1.90725513223e-06
1.88631309085e-06
1.87925498268e-06
7.3086529791e-06
6.05864186201e-06
5.08759997156e-06
4.32467039069e-06
3.72047502067e-06
3.24016325909e-06
2.85890754451e-06
2.55888779415e-06
2.32716401065e-06
2.15402793163e-06
2.03153515421e-06
1.95204681775e-06
1.90690566968e-06
1.88593359221e-06
1.87885852656e-06
7.30864484567e-06
6.05862845883e-06
5.08757868864e-06
4.32463825758e-06
3.72042868145e-06
3.24009901925e-06
2.85882148766e-06
2.55877597693e-06
2.32702275652e-06
2.1538542605e-06
2.03132739455e-06
1.95180540859e-06
1.90663401688e-06
1.88563860701e-06
1.87855036401e-06
7.30863797752e-06
6.0586175246e-06
5.08756165295e-06
4.32461281148e-06
3.72039222162e-06
3.24004868148e-06
2.85875423569e-06
2.55868875238e-06
2.32691270548e-06
2.1537190665e-06
2.03116575411e-06
1.95161765474e-06
1.90642278584e-06
1.88540925885e-06
1.87831078193e-06
7.30863233088e-06
6.05860871621e-06
5.08754809854e-06
4.32459271808e-06
3.72036357078e-06
3.24000925361e-06
2.85870167798e-06
2.55862069406e-06
2.3268269333e-06
2.15361378279e-06
2.03103994558e-06
1.95147157748e-06
1.90625848357e-06
1.88523089069e-06
1.87812446754e-06
7.30862778608e-06
6.05860169503e-06
5.08753737141e-06
4.32457689502e-06
3.72034108697e-06
3.23997838925e-06
2.8586606098e-06
2.55856758478e-06
2.32676006722e-06
2.153531766e-06
2.0309419924e-06
1.95135788682e-06
1.90613064197e-06
1.8850921273e-06
1.87797953408e-06
7.30862418273e-06
6.05859614479e-06
5.08752892114e-06
4.32456446642e-06
3.72032346717e-06
3.23995424493e-06
2.85862852789e-06
2.55852614129e-06
2.32670793219e-06
2.15346785912e-06
2.03086570514e-06
1.95126937503e-06
1.90603113874e-06
1.88498414128e-06
1.87786675615e-06
7.30862135665e-06
6.05859178653e-06
5.08752228997e-06
4.32455472606e-06
3.72030967684e-06
3.23993537085e-06
2.85860347435e-06
2.55849380393e-06
2.3266672801e-06
2.15341805491e-06
2.03080627791e-06
1.95120044742e-06
1.90595367022e-06
1.88490008186e-06
1.87777897394e-06
7.3086191644e-06
6.0585883833e-06
5.08751710318e-06
4.32454710735e-06
3.72029889659e-06
3.2399206269e-06
2.8585839165e-06
2.55846857558e-06
2.32663558152e-06
2.15337923696e-06
2.03075997619e-06
1.95114675885e-06
1.90589334188e-06
1.88483463045e-06
1.87771062914e-06
7.30861747179e-06
6.05858573519e-06
5.08751305567e-06
4.32454115761e-06
3.72029047799e-06
3.23990911658e-06
2.8585686545e-06
2.55844889683e-06
2.32661086542e-06
2.15334897998e-06
2.03072389633e-06
1.95110493274e-06
1.90584635165e-06
1.88478365633e-06
1.87765740532e-06
7.30861616966e-06
6.05858367985e-06
5.08750990304e-06
4.32453651706e-06
3.72028390939e-06
3.23990013591e-06
2.85855674886e-06
2.55843354977e-06
2.32659159498e-06
2.15332539542e-06
2.03069577924e-06
1.95107234371e-06
1.90580974446e-06
1.88474394982e-06
1.87761594883e-06
7.30861517015e-06
6.0585820873e-06
5.08750745062e-06
4.32453290115e-06
3.72027878773e-06
3.23989313224e-06
2.85854746449e-06
2.55842158318e-06
2.32657657167e-06
2.15330701192e-06
2.03067386631e-06
1.9510469493e-06
1.90578122237e-06
1.88471301563e-06
1.87758365291e-06
7.30861440219e-06
6.0585808545e-06
5.08750554448e-06
4.32453008552e-06
3.72027479642e-06
3.23988767254e-06
2.85854022618e-06
2.55841225395e-06
2.32656486041e-06
2.15329268289e-06
2.03065678816e-06
1.95102715991e-06
1.90575899762e-06
1.88468891296e-06
1.87755849015e-06
7.30861381303e-06
6.05857990053e-06
5.0875040637e-06
4.32452789424e-06
3.72027168731e-06
3.23988341779e-06
2.85853458438e-06
2.55840498212e-06
2.32655573199e-06
2.15328151459e-06
2.03064347805e-06
1.95101173778e-06
1.90574167876e-06
1.88467013164e-06
1.87753888335e-06
7.3086133615e-06
6.05857916249e-06
5.0875029137e-06
4.32452618932e-06
3.72026926616e-06
3.23988010292e-06
2.85853018781e-06
2.55839931468e-06
2.32654861741e-06
2.15327281017e-06
2.03063310478e-06
1.95099971897e-06
1.90572818226e-06
1.88465549598e-06
1.87752360473e-06
7.30861301394e-06
6.05857859117e-06
5.08750202048e-06
4.32452486296e-06
3.72026738093e-06
3.23987752065e-06
2.85852676214e-06
2.55839489816e-06
2.32654307282e-06
2.15326602649e-06
2.0306250204e-06
1.95099035237e-06
1.90571766432e-06
1.88464409051e-06
1.87751169842e-06
7.30861274584e-06
6.0585781485e-06
5.08750132672e-06
4.32452383108e-06
3.7202659132e-06
3.23987550933e-06
2.85852409314e-06
2.5583914568e-06
2.32653875205e-06
2.15326073994e-06
2.03061872016e-06
1.95098305286e-06
1.90570946764e-06
1.88463520225e-06
1.87750241991e-06
7.30861253907e-06
6.05857780511e-06
5.08750078747e-06
4.3245230284e-06
3.72026477056e-06
3.23987394286e-06
2.85852201386e-06
2.55838877538e-06
2.32653538522e-06
2.15325662033e-06
2.03061381043e-06
1.95097736438e-06
1.90570307994e-06
1.88462827565e-06
1.87749518917e-06
7.30861238107e-06
6.05857753888e-06
5.08750036823e-06
4.3245224037e-06
3.72026388099e-06
3.23987272288e-06
2.85852039428e-06
2.5583866863e-06
2.32653276181e-06
2.15325341013e-06
2.03060998445e-06
1.95097293143e-06
1.90569810209e-06
1.88462287778e-06
1.87748955435e-06
7.30861225697e-06
6.0585773319e-06
5.08750004217e-06
4.32452191755e-06
3.72026318831e-06
3.23987177266e-06
2.85851913253e-06
2.55838505872e-06
2.32653071775e-06
2.15325090875e-06
2.03060700308e-06
1.95096947703e-06
1.90569422301e-06
1.88461867136e-06
1.87748516321e-06
7.308612161e-06
6.05857717067e-06
5.08749978838e-06
4.32452153901e-06
3.72026264888e-06
3.23987103259e-06
2.85851814965e-06
2.55838379072e-06
2.32652912521e-06
2.15324895974e-06
2.03060468001e-06
1.95096678521e-06
1.9056912002e-06
1.8846153935e-06
1.87748174139e-06
7.30861208765e-06
6.0585770462e-06
5.08749959116e-06
4.3245212444e-06
3.72026222885e-06
3.23987045614e-06
2.85851738404e-06
2.55838280287e-06
2.32652788439e-06
2.15324744113e-06
2.03060286988e-06
1.95096468776e-06
1.90568884477e-06
1.88461283921e-06
1.87747907496e-06
7.30861203097e-06
6.05857694962e-06
5.08749943771e-06
4.32452101512e-06
3.72026190169e-06
3.2398700072e-06
2.8585167876e-06
2.5583820333e-06
2.32652691766e-06
2.15324625791e-06
2.03060145942e-06
1.95096305336e-06
1.90568700936e-06
1.88461084889e-06
1.87747699716e-06
7.3086119876e-06
6.05857687443e-06
5.08749931832e-06
4.3245208365e-06
3.72026164694e-06
3.23986965748e-06
2.85851632298e-06
2.55838143373e-06
2.32652616446e-06
2.15324533599e-06
2.03060036048e-06
1.95096177992e-06
1.90568557921e-06
1.88460929796e-06
1.87747537811e-06
7.30861194997e-06
6.05857681515e-06
5.08749922528e-06
4.32452069745e-06
3.72026144858e-06
3.23986938506e-06
2.85851596105e-06
2.55838096663e-06
2.32652557766e-06
2.15324461768e-06
2.03059950424e-06
1.95096078765e-06
1.90568446487e-06
1.88460808952e-06
1.87747411653e-06
7.30861192371e-06
6.05857676964e-06
5.08749915286e-06
4.32452058915e-06
3.72026129404e-06
3.23986917287e-06
2.85851567912e-06
2.55838060275e-06
2.32652512051e-06
2.15324405809e-06
2.03059883712e-06
1.95096001455e-06
1.90568359663e-06
1.88460714795e-06
1.87747313361e-06
7.30861190201e-06
6.05857673406e-06
5.08749909654e-06
4.32452050478e-06
3.72026117366e-06
3.23986900754e-06
2.85851545942e-06
2.55838031924e-06
2.32652476434e-06
2.15324362209e-06
2.03059831733e-06
1.95095941218e-06
1.90568292012e-06
1.8846064143e-06
1.87747236772e-06
7.30861188291e-06
6.05857670601e-06
5.08749905246e-06
4.32452043906e-06
3.72026107988e-06
3.23986887875e-06
2.85851528829e-06
2.55838009836e-06
2.32652448682e-06
2.15324328241e-06
2.03059791235e-06
1.95095894286e-06
1.90568239304e-06
1.88460584267e-06
1.87747177095e-06
7.30861187129e-06
6.05857668458e-06
5.08749901826e-06
4.32452038785e-06
3.72026100679e-06
3.23986877841e-06
2.85851515499e-06
2.5583799263e-06
2.32652427062e-06
2.15324301773e-06
2.03059759683e-06
1.95095857717e-06
1.90568198233e-06
1.88460539732e-06
1.87747130601e-06
7.30861186353e-06
6.05857666802e-06
5.08749899159e-06
4.32452034784e-06
3.72026094982e-06
3.23986870024e-06
2.85851505113e-06
2.55837979224e-06
2.3265241022e-06
2.15324281155e-06
2.030597351e-06
1.95095829231e-06
1.90568166237e-06
1.88460505029e-06
1.87747094377e-06
7.30861185652e-06
6.05857665492e-06
5.08749897078e-06
4.32452031683e-06
3.72026090555e-06
3.23986863936e-06
2.85851497024e-06
2.55837968783e-06
2.326523971e-06
2.15324265092e-06
2.03059715949e-06
1.95095807031e-06
1.90568141309e-06
1.88460477995e-06
1.87747066149e-06
7.30861185052e-06
6.05857664476e-06
5.08749895467e-06
4.32452029261e-06
3.72026087089e-06
3.23986859185e-06
2.85851490716e-06
2.55837960648e-06
2.32652386874e-06
2.15324252573e-06
2.03059701023e-06
1.95095789738e-06
1.90568121879e-06
1.88460456926e-06
1.87747044156e-06
7.30861184638e-06
6.05857663685e-06
5.08749894211e-06
4.32452027384e-06
3.72026084409e-06
3.23986855499e-06
2.85851485807e-06
2.55837954301e-06
2.32652378903e-06
2.15324242815e-06
2.03059689394e-06
1.9509577626e-06
1.90568106749e-06
1.88460440514e-06
1.87747027024e-06
7.30861184118e-06
6.0585766301e-06
5.08749893211e-06
4.32452025915e-06
3.72026082314e-06
3.23986852613e-06
2.85851481977e-06
2.55837949358e-06
2.32652372696e-06
2.1532423522e-06
2.03059680334e-06
1.95095765757e-06
1.90568094955e-06
1.88460427726e-06
1.87747013674e-06
7.30861183616e-06
6.05857662476e-06
5.08749892428e-06
4.32452024763e-06
3.72026080673e-06
3.23986850367e-06
2.85851478992e-06
2.55837945511e-06
2.32652367861e-06
2.15324229299e-06
2.03059673278e-06
1.9509575758e-06
1.90568085769e-06
1.88460417766e-06
1.87747003277e-06
7.3086118327e-06
6.05857662054e-06
5.08749891815e-06
4.32452023854e-06
3.72026079389e-06
3.23986848618e-06
2.85851476668e-06
2.55837942513e-06
2.32652364095e-06
2.15324224689e-06
2.03059667781e-06
1.95095751211e-06
1.90568078614e-06
1.88460410002e-06
1.87746995168e-06
7.30861183153e-06
6.0585766173e-06
5.08749891328e-06
4.32452023151e-06
3.72026078392e-06
3.23986847256e-06
2.85851474863e-06
2.55837940177e-06
2.32652361158e-06
2.15324221095e-06
2.03059663498e-06
1.95095746247e-06
1.90568073039e-06
1.88460403954e-06
1.87746988855e-06
7.30861183097e-06
6.05857661495e-06
5.08749890952e-06
4.32452022593e-06
3.72026077612e-06
3.23986846191e-06
2.8585147345e-06
2.55837938357e-06
2.3265235887e-06
2.15324218299e-06
2.03059660159e-06
1.95095742377e-06
1.90568068693e-06
1.88460399245e-06
1.87746983937e-06
7.30861182791e-06
6.05857661292e-06
5.08749890658e-06
4.32452022168e-06
3.72026077003e-06
3.23986845352e-06
2.85851472347e-06
2.55837936935e-06
2.32652357083e-06
2.15324216109e-06
2.03059657556e-06
1.95095739363e-06
1.90568065309e-06
1.88460395572e-06
1.87746980103e-06
7.30861182588e-06
6.05857661158e-06
5.08749890449e-06
4.3245202184e-06
3.72026076537e-06
3.23986844708e-06
2.8585147148e-06
2.55837935828e-06
2.326523557e-06
2.15324214409e-06
2.03059655525e-06
1.95095737011e-06
1.9056806267e-06
1.8846039271e-06
1.87746977117e-06
7.30861182631e-06
6.05857661095e-06
5.08749890293e-06
4.32452021596e-06
3.7202607618e-06
3.23986844207e-06
2.85851470815e-06
2.55837934962e-06
2.32652354612e-06
2.15324213085e-06
2.03059653945e-06
1.95095735183e-06
1.90568060614e-06
1.88460390481e-06
1.87746974788e-06
7.30861182611e-06
6.05857661018e-06
5.0874989018e-06
4.32452021403e-06
3.72026075892e-06
3.23986843816e-06
2.85851470292e-06
2.55837934283e-06
2.32652353767e-06
2.15324212048e-06
2.03059652715e-06
1.95095733751e-06
1.9056805901e-06
1.88460388743e-06
1.87746972975e-06
7.30861182726e-06
6.05857660962e-06
5.08749890069e-06
4.32452021252e-06
3.72026075674e-06
3.23986843518e-06
2.85851469892e-06
2.55837933767e-06
2.32652353103e-06
2.15324211244e-06
2.03059651758e-06
1.95095732645e-06
1.90568057761e-06
1.88460387387e-06
1.87746971563e-06
7.30861182957e-06
6.05857660948e-06
5.08749889993e-06
4.32452021141e-06
3.72026075516e-06
3.23986843289e-06
2.85851469577e-06
2.55837933356e-06
2.32652352591e-06
2.15324210613e-06
2.0305965101e-06
1.95095731776e-06
1.90568056794e-06
1.88460386337e-06
1.87746970466e-06
7.30861183193e-06
6.05857660905e-06
5.08749889927e-06
4.32452021046e-06
3.72026075381e-06
3.23986843109e-06
2.85851469338e-06
2.55837933049e-06
2.32652352194e-06
2.15324210126e-06
2.03059650425e-06
1.95095731101e-06
1.90568056034e-06
1.88460385514e-06
1.87746969607e-06
7.30861183372e-06
6.05857660876e-06
5.08749889863e-06
4.32452020966e-06
3.7202607528e-06
3.23986842971e-06
2.85851469149e-06
2.558379328e-06
2.32652351885e-06
2.15324209746e-06
2.03059649971e-06
1.95095730572e-06
1.90568055444e-06
1.88460384876e-06
1.87746968937e-06
7.3086118315e-06
6.05857660788e-06
5.08749889804e-06
4.32452020906e-06
3.72026075196e-06
3.23986842858e-06
2.85851469004e-06
2.55837932605e-06
2.32652351646e-06
2.15324209451e-06
2.0305964962e-06
1.95095730162e-06
1.90568054973e-06
1.88460384366e-06
1.8774696841e-06
7.30861183035e-06
6.05857660735e-06
5.08749889772e-06
4.32452020857e-06
3.72026075127e-06
3.23986842763e-06
2.85851468883e-06
2.55837932458e-06
2.32652351459e-06
2.15324209221e-06
2.03059649342e-06
1.95095729847e-06
1.90568054619e-06
1.88460383981e-06
1.87746968006e-06
7.30861183162e-06
6.05857660744e-06
5.0874988975e-06
4.32452020821e-06
3.7202607508e-06
3.23986842696e-06
2.85851468798e-06
2.55837932341e-06
2.32652351312e-06
2.15324209043e-06
2.03059649128e-06
1.95095729592e-06
1.90568054337e-06
1.88460383679e-06
1.87746967689e-06
7.30861183145e-06
6.05857660723e-06
5.08749889738e-06
4.32452020797e-06
3.7202607504e-06
3.23986842637e-06
2.85851468723e-06
2.55837932253e-06
2.32652351202e-06
2.15324208906e-06
2.03059648964e-06
1.95095729405e-06
1.90568054126e-06
1.88460383446e-06
1.87746967446e-06
7.30861183164e-06
6.05857660736e-06
5.08749889727e-06
4.32452020778e-06
3.72026075012e-06
3.23986842601e-06
2.8585146867e-06
2.55837932183e-06
2.32652351115e-06
2.153242088e-06
2.03059648839e-06
1.95095729257e-06
1.9056805396e-06
1.88460383264e-06
1.87746967257e-06
7.30861183182e-06
6.05857660748e-06
5.08749889728e-06
4.32452020767e-06
3.72026074984e-06
3.2398684257e-06
2.85851468629e-06
2.55837932127e-06
2.32652351045e-06
2.15324208717e-06
2.0305964874e-06
1.95095729147e-06
1.90568053831e-06
1.88460383122e-06
1.87746967107e-06
7.30861183224e-06
6.05857660761e-06
5.08749889731e-06
4.32452020759e-06
3.72026074966e-06
3.23986842545e-06
2.85851468594e-06
2.55837932089e-06
2.32652350994e-06
2.1532420865e-06
2.03059648661e-06
1.95095729056e-06
1.90568053729e-06
1.88460383013e-06
1.87746966992e-06
7.30861182935e-06
6.05857660713e-06
5.08749889719e-06
4.32452020749e-06
3.72026074957e-06
3.23986842524e-06
2.85851468566e-06
2.55837932051e-06
2.3265235095e-06
2.15324208598e-06
2.030596486e-06
1.95095728982e-06
1.90568053648e-06
1.88460382922e-06
1.877469669e-06
7.30861182956e-06
6.05857660698e-06
5.08749889701e-06
4.32452020737e-06
3.72026074941e-06
3.23986842503e-06
2.85851468542e-06
2.55837932025e-06
2.32652350914e-06
2.15324208559e-06
2.03059648549e-06
1.95095728921e-06
1.90568053584e-06
1.88460382855e-06
1.8774696683e-06
7.30861183308e-06
6.05857660743e-06
5.08749889689e-06
4.3245202072e-06
3.72026074927e-06
3.23986842493e-06
2.85851468525e-06
2.55837932005e-06
2.32652350885e-06
2.15324208524e-06
2.03059648509e-06
1.95095728877e-06
1.90568053532e-06
1.88460382801e-06
1.87746966775e-06
7.30861183325e-06
6.05857660711e-06
5.0874988966e-06
4.32452020701e-06
3.72026074916e-06
3.23986842478e-06
2.8585146851e-06
2.55837931978e-06
2.32652350865e-06
2.15324208497e-06
2.03059648484e-06
1.95095728842e-06
1.90568053494e-06
1.88460382758e-06
1.87746966727e-06
7.30861183001e-06
6.05857660632e-06
5.08749889632e-06
4.32452020687e-06
3.72026074905e-06
3.23986842473e-06
2.85851468502e-06
2.55837931968e-06
2.32652350847e-06
2.15324208474e-06
2.03059648452e-06
1.95095728812e-06
1.90568053457e-06
1.88460382723e-06
1.87746966691e-06
7.30861182661e-06
6.05857660576e-06
5.08749889621e-06
4.32452020674e-06
3.72026074893e-06
3.23986842457e-06
2.85851468483e-06
2.55837931951e-06
2.32652350831e-06
2.15324208455e-06
2.03059648433e-06
1.9509572879e-06
1.90568053435e-06
1.88460382695e-06
1.87746966665e-06
7.30861182692e-06
6.05857660604e-06
5.08749889627e-06
4.32452020674e-06
3.72026074891e-06
3.23986842454e-06
2.85851468473e-06
2.55837931942e-06
2.32652350814e-06
2.15324208441e-06
2.03059648413e-06
1.9509572877e-06
1.90568053412e-06
1.88460382674e-06
1.87746966641e-06
7.30861182761e-06
6.05857660607e-06
5.0874988964e-06
4.32452020681e-06
3.72026074891e-06
3.23986842444e-06
2.85851468469e-06
2.55837931931e-06
2.32652350802e-06
2.15324208423e-06
2.03059648397e-06
1.9509572875e-06
1.90568053395e-06
1.88460382654e-06
1.87746966618e-06
7.30861183056e-06
6.05857660641e-06
5.08749889648e-06
4.32452020686e-06
3.72026074883e-06
3.23986842437e-06
2.85851468462e-06
2.55837931923e-06
2.32652350788e-06
2.1532420841e-06
2.03059648381e-06
1.95095728731e-06
1.90568053369e-06
1.88460382633e-06
1.87746966598e-06
7.30861183042e-06
6.05857660666e-06
5.08749889658e-06
4.32452020692e-06
3.72026074883e-06
3.23986842425e-06
2.85851468448e-06
2.55837931909e-06
2.32652350776e-06
2.1532420839e-06
2.0305964836e-06
1.9509572871e-06
1.90568053352e-06
1.88460382608e-06
1.87746966575e-06
7.30861182889e-06
6.05857660656e-06
5.0874988966e-06
4.3245202068e-06
3.72026074877e-06
3.2398684242e-06
2.85851468436e-06
2.55837931888e-06
2.32652350753e-06
2.15324208362e-06
2.03059648329e-06
1.95095728681e-06
1.90568053321e-06
1.88460382577e-06
1.87746966541e-06
7.30861182949e-06
6.05857660638e-06
5.08749889616e-06
4.32452020646e-06
3.72026074847e-06
3.2398684239e-06
2.85851468402e-06
2.5583793185e-06
2.32652350711e-06
2.15324208324e-06
2.03059648287e-06
1.95095728636e-06
1.90568053271e-06
1.88460382525e-06
1.87746966493e-06
7.30861182922e-06
6.0585766061e-06
5.08749889571e-06
4.32452020586e-06
3.72026074776e-06
3.23986842328e-06
2.85851468333e-06
2.55837931785e-06
2.32652350647e-06
2.15324208258e-06
2.03059648223e-06
1.95095728574e-06
1.90568053208e-06
1.88460382463e-06
1.87746966425e-06
7.30861182787e-06
6.05857660545e-06
5.08749889478e-06
4.32452020463e-06
3.72026074651e-06
3.23986842199e-06
2.85851468213e-06
2.5583793167e-06
2.32652350536e-06
2.15324208156e-06
2.03059648123e-06
1.95095728471e-06
1.90568053107e-06
1.88460382365e-06
1.87746966329e-06
7.30861182656e-06
6.05857660341e-06
5.08749889236e-06
4.32452020212e-06
3.72026074402e-06
3.23986841971e-06
2.85851468008e-06
2.55837931481e-06
2.32652350361e-06
2.1532420799e-06
2.03059647965e-06
1.95095728315e-06
1.90568052957e-06
1.88460382219e-06
1.87746966184e-06
2.00921027716e-05
1.84546783923e-05
1.5691631965e-05
1.25127978289e-05
9.50143831955e-06
6.98485646651e-06
5.06841550338e-06
3.72459165904e-06
2.87319531091e-06
2.43958108263e-06
2.40072572125e-06
2.84113426725e-06
4.05896269063e-06
6.80775839229e-06
1.27775285245e-05
6.70783771741e-06
6.16056086578e-06
5.29494736398e-06
4.38516182871e-06
3.6100255616e-06
3.04187738181e-06
2.69353721965e-06
2.56197138622e-06
2.65565213182e-06
3.01251664647e-06
3.71739786143e-06
4.92468916658e-06
6.88577723979e-06
9.99938701647e-06
1.48529048572e-05
4.05042697364e-06
3.80870731421e-06
3.43228696723e-06
3.05151240582e-06
2.75576913681e-06
2.58840447217e-06
2.56817623163e-06
2.7101993692e-06
3.03856247652e-06
3.59014491484e-06
4.42182402235e-06
5.61850405281e-06
7.32525187362e-06
9.64946464615e-06
1.27090386513e-05
3.08630759417e-06
2.96801247348e-06
2.78847149085e-06
2.62024887245e-06
2.51752969691e-06
2.51412468654e-06
2.62573333877e-06
2.86673142754e-06
3.25532924335e-06
3.83248423453e-06
4.62569162089e-06
5.68240422806e-06
7.02725968537e-06
8.77025325145e-06
1.10123002795e-05
2.65399422412e-06
2.59605033621e-06
2.51342645684e-06
2.45033544802e-06
2.44225275815e-06
2.51329749997e-06
2.6801358985e-06
2.95638605473e-06
3.35714936844e-06
3.88706220429e-06
4.57923855634e-06
5.45925014592e-06
6.56250523534e-06
7.94928216768e-06
9.7065024183e-06
2.43364573582e-06
2.40588041109e-06
2.37236060057e-06
2.36361192918e-06
2.40626924118e-06
2.51468598023e-06
2.70177715765e-06
2.97749259964e-06
3.35154906524e-06
3.83504367811e-06
4.44550000172e-06
5.20636646058e-06
6.15255576088e-06
7.3389376422e-06
8.85104016998e-06
2.31636418113e-06
2.30574857697e-06
2.29950030778e-06
2.31887705205e-06
2.38274642721e-06
2.50433053156e-06
2.69317210362e-06
2.95713156059e-06
3.30448659967e-06
3.74593281119e-06
4.2970082722e-06
4.98073608896e-06
5.83200987421e-06
6.90413192248e-06
8.27787582749e-06
2.24675826951e-06
2.24487201543e-06
2.25217267623e-06
2.28474452522e-06
2.35742450016e-06
2.48133812124e-06
2.66469712436e-06
2.91466140948e-06
3.23929546012e-06
3.64950426443e-06
4.16122003234e-06
4.79817779751e-06
5.5958217941e-06
6.60694312498e-06
7.90981409698e-06
2.19931438131e-06
2.20156635771e-06
2.21498191987e-06
2.25275830455e-06
2.32746452634e-06
2.44897193493e-06
2.62498301064e-06
2.86265732106e-06
3.17043138898e-06
3.55986165612e-06
4.04767584012e-06
4.65834053891e-06
5.42755561691e-06
6.40726603758e-06
7.67304461476e-06
2.16153126244e-06
2.165449347e-06
2.18104569871e-06
2.21998576629e-06
2.2936695752e-06
2.41140621606e-06
2.58084313583e-06
2.80943697952e-06
3.10615405555e-06
3.4832065741e-06
3.95796729795e-06
4.55534657999e-06
5.31103301359e-06
6.27620704001e-06
7.52466224421e-06
2.12762887764e-06
2.13198673019e-06
2.14790590147e-06
2.18632930839e-06
2.25815215704e-06
2.37252885056e-06
2.53725166089e-06
2.760123349e-06
3.05056510369e-06
3.4212610392e-06
3.8899673746e-06
4.48176585907e-06
5.23216704841e-06
6.1916770346e-06
7.4327817047e-06
2.09545508638e-06
2.09975902534e-06
2.11535137645e-06
2.15290682214e-06
2.22317145434e-06
2.33532859339e-06
2.49735012188e-06
2.71731183991e-06
3.00493996757e-06
3.37319265323e-06
3.84000355111e-06
4.43046962266e-06
5.17989292575e-06
6.13828994656e-06
7.37733041226e-06
2.06470745385e-06
2.06886319226e-06
2.08411226979e-06
2.12108362705e-06
2.19052711884e-06
2.30169979252e-06
2.46270781755e-06
2.68179500821e-06
2.96885462671e-06
3.33697367851e-06
3.8041409676e-06
4.39540507815e-06
5.14589454624e-06
6.10531251201e-06
7.34487162117e-06
2.03585203577e-06
2.03994551588e-06
2.05509498795e-06
2.09196577866e-06
2.16134848218e-06
2.27255186539e-06
2.43374984112e-06
2.65326321203e-06
2.94105458365e-06
3.31025213398e-06
3.7788393301e-06
4.37180023059e-06
5.12413322815e-06
6.08534257172e-06
7.32637190045e-06
2.00949827967e-06
2.01366518077e-06
2.02900278544e-06
2.06622182366e-06
2.13613726635e-06
2.24806743636e-06
2.41019578875e-06
2.63085676706e-06
2.92002342667e-06
3.29081967156e-06
3.76120030976e-06
4.35609143492e-06
5.11040403148e-06
6.07352790631e-06
7.31626904051e-06
1.98610702926e-06
1.99046332266e-06
2.00621528008e-06
2.04409962391e-06
2.11492372521e-06
2.22797636893e-06
2.39140986381e-06
2.61353449249e-06
2.90430298139e-06
3.27681544791e-06
3.74899380343e-06
4.34572038898e-06
5.10185358088e-06
6.06672593107e-06
7.31108680365e-06
1.96592848197e-06
1.97052481348e-06
1.98681048861e-06
2.02552566217e-06
2.0974374685e-06
2.21177494373e-06
2.37663425249e-06
2.60028195483e-06
2.89263709608e-06
3.26677041356e-06
3.74057464324e-06
4.33890228206e-06
5.09658315457e-06
6.06292612774e-06
7.30866531456e-06
1.94917830324e-06
1.95381792018e-06
1.97061889008e-06
2.01020394501e-06
2.0832411241e-06
2.1988717542e-06
2.36512194579e-06
2.59020713837e-06
2.88400961623e-06
3.25957206714e-06
3.73476429101e-06
4.33442011406e-06
5.09335627682e-06
6.06087676656e-06
7.30772172249e-06
1.93420684845e-06
1.93951647318e-06
1.95710428869e-06
1.99765507228e-06
2.07181621182e-06
2.1886751795e-06
2.35620309936e-06
2.58257168913e-06
2.87763139715e-06
3.25440199387e-06
3.73073694029e-06
4.33145979555e-06
5.09138385731e-06
6.05981822541e-06
7.30751878449e-06
1.92209087976e-06
1.9278031115e-06
1.94607911486e-06
1.98752274206e-06
2.06271268967e-06
2.18067274565e-06
2.34932148474e-06
2.5767918949e-06
2.8729076666e-06
3.25067077481e-06
3.72792375731e-06
4.32948541474e-06
5.09017093066e-06
6.05929924401e-06
7.3076460871e-06
1.91196924756e-06
1.91824730374e-06
1.93719573455e-06
1.9794412905e-06
2.05552941214e-06
2.17443467019e-06
2.34403122457e-06
2.57241905838e-06
2.86939962516e-06
3.24796107478e-06
3.72593876156e-06
4.32815014454e-06
5.08941496998e-06
6.0590623505e-06
7.30788362868e-06
1.90492577704e-06
1.91109640937e-06
1.93035167579e-06
1.97315737826e-06
2.04994720483e-06
2.16961584737e-06
2.33998286312e-06
2.56911303779e-06
2.86678633416e-06
3.24597873712e-06
3.72452014954e-06
4.32722797893e-06
5.0889271703e-06
6.05895662348e-06
7.30812395723e-06
1.89910726911e-06
1.90541070342e-06
1.92498106631e-06
1.96825743313e-06
2.04561825445e-06
2.16590313781e-06
2.33688878867e-06
2.56661093296e-06
2.86483160972e-06
3.24451695434e-06
3.72349294638e-06
4.32657778006e-06
5.08860057096e-06
6.05890956515e-06
7.30832458709e-06
1.89443715052e-06
1.90089302303e-06
1.92075310929e-06
1.96442910902e-06
2.04225880776e-06
2.16304131267e-06
2.33452112697e-06
2.56471176804e-06
2.86336151751e-06
3.24342910836e-06
3.7227378738e-06
4.32610710638e-06
5.08837050846e-06
6.05888307e-06
7.30847434697e-06
1.89073390755e-06
1.8973250967e-06
1.91743233098e-06
1.96143973681e-06
2.03965092063e-06
2.16083292124e-06
2.33270535452e-06
2.56326480566e-06
2.8622492356e-06
3.24261203126e-06
3.72217491591e-06
4.32575849712e-06
5.08820018199e-06
6.05886063125e-06
7.30857682103e-06
1.88781749202e-06
1.89452144852e-06
1.91483205735e-06
1.95910883318e-06
2.0376267442e-06
2.15912696349e-06
2.33130953359e-06
2.56215799641e-06
2.86140255617e-06
3.2419927701e-06
3.72174945043e-06
4.32549453987e-06
5.08806841863e-06
6.05883636427e-06
7.30864092287e-06
1.88553106097e-06
1.89232656321e-06
1.91280127461e-06
1.95729394095e-06
2.03605601303e-06
2.15780787512e-06
2.33023411881e-06
2.56130817366e-06
2.86075437234e-06
3.24151950641e-06
3.72142389201e-06
4.32529067481e-06
5.08796299811e-06
6.05880933756e-06
7.30867647992e-06
1.8837441192e-06
1.89061286606e-06
1.91121838444e-06
1.95588238789e-06
2.03483732781e-06
2.15678701427e-06
2.32940387258e-06
2.56065348233e-06
2.86025571513e-06
3.24115535949e-06
3.72117250534e-06
4.32513138127e-06
5.08787703766e-06
6.05878061902e-06
7.30869225941e-06
1.88235059275e-06
1.88927739187e-06
1.90998631654e-06
1.9547853471e-06
2.03389176407e-06
2.1559962609e-06
2.3287617194e-06
2.56014762702e-06
2.85987045059e-06
3.24087350669e-06
3.72097679083e-06
4.32500542653e-06
5.08780605272e-06
6.05875214415e-06
7.30869532643e-06
1.88126548768e-06
1.88823799646e-06
1.90902818766e-06
1.95393309186e-06
2.03315797715e-06
2.15538321809e-06
2.32826423785e-06
2.55975580181e-06
2.85957177342e-06
3.24065438006e-06
3.72082359609e-06
4.32490527641e-06
5.08774730005e-06
6.05872454071e-06
7.30869077684e-06
1.88042136393e-06
1.88742969464e-06
1.90828348342e-06
1.95327109946e-06
2.03258835726e-06
2.15490755004e-06
2.32787828877e-06
2.55945168313e-06
2.85933960301e-06
3.24048346437e-06
3.72070325725e-06
4.32482542578e-06
5.08769881559e-06
6.05869947252e-06
7.30868230441e-06
1.87976508198e-06
1.88680139077e-06
1.90770479948e-06
1.95275686562e-06
2.03214599712e-06
2.15453817893e-06
2.32757850266e-06
2.55921524984e-06
2.85915876121e-06
3.24034984364e-06
3.72060851634e-06
4.32476168936e-06
5.08765895181e-06
6.0586772291e-06
7.30867230625e-06
1.87925498266e-06
1.88631309084e-06
1.90725513224e-06
1.95235733007e-06
2.0318023083e-06
2.15425113925e-06
2.32734540557e-06
2.55903120167e-06
2.85901769362e-06
3.24024522816e-06
3.7205338572e-06
4.32471085661e-06
5.08762638835e-06
6.05865804492e-06
7.30866226166e-06
1.87885852658e-06
1.88593359223e-06
1.90690566971e-06
1.95204681781e-06
2.03153515428e-06
2.15402793169e-06
2.32716401075e-06
2.55888779424e-06
2.85890754463e-06
3.24016325919e-06
3.72047502095e-06
4.32467039106e-06
5.0875999723e-06
6.05864186336e-06
7.30865298258e-06
1.87855036405e-06
1.88563860705e-06
1.90663401697e-06
1.95180540866e-06
2.03132739458e-06
2.1538542606e-06
2.32702275659e-06
2.55877597699e-06
2.85882148774e-06
3.24009901935e-06
3.72042868155e-06
4.32463825773e-06
5.08757868901e-06
6.05862845943e-06
7.30864484765e-06
1.87831078191e-06
1.88540925885e-06
1.90642278589e-06
1.9516176548e-06
2.03116575417e-06
2.15371906659e-06
2.32691270554e-06
2.55868875242e-06
2.85875423577e-06
3.2400486815e-06
3.72039222162e-06
4.32461281142e-06
5.08756165268e-06
6.05861752344e-06
7.30863797525e-06
1.87812446758e-06
1.88523089072e-06
1.90625848363e-06
1.95147157761e-06
2.03103994567e-06
2.1536137829e-06
2.32682693345e-06
2.55862069416e-06
2.85870167797e-06
3.24000925362e-06
3.72036357063e-06
4.3245927177e-06
5.08754809766e-06
6.05860871443e-06
7.30863232834e-06
1.87797953408e-06
1.88509212729e-06
1.90613064199e-06
1.95135788692e-06
2.03094199249e-06
2.15353176607e-06
2.3267600673e-06
2.55856758484e-06
2.85866060983e-06
3.23997838915e-06
3.72034108684e-06
4.32457689458e-06
5.08753737052e-06
6.05860169341e-06
7.30862778528e-06
1.87786675618e-06
1.88498414126e-06
1.90603113876e-06
1.95126937511e-06
2.03086570526e-06
2.15346785924e-06
2.32670793227e-06
2.55852614131e-06
2.85862852789e-06
3.23995424482e-06
3.72032346691e-06
4.32456446595e-06
5.08752892048e-06
6.05859614403e-06
7.30862418296e-06
1.87777897395e-06
1.88490008187e-06
1.9059536702e-06
1.95120044746e-06
2.03080627797e-06
2.15341805502e-06
2.32666728026e-06
2.558493804e-06
2.85860347434e-06
3.23993537077e-06
3.72030967661e-06
4.32455472572e-06
5.08752228967e-06
6.05859178673e-06
7.30862135984e-06
1.87771062916e-06
1.88483463046e-06
1.90589334191e-06
1.95114675891e-06
2.03075997631e-06
2.15337923709e-06
2.3266355817e-06
2.55846857573e-06
2.85858391657e-06
3.23992062689e-06
3.72029889646e-06
4.324547107e-06
5.08751710259e-06
6.05858838289e-06
7.30861916558e-06
1.87765740535e-06
1.88478365638e-06
1.90584635169e-06
1.95110493282e-06
2.03072389643e-06
2.1533489801e-06
2.32661086558e-06
2.55844889697e-06
2.85856865459e-06
3.23990911662e-06
3.72029047792e-06
4.32454115728e-06
5.08751305497e-06
6.05858573412e-06
7.30861747343e-06
1.87761594884e-06
1.88474394985e-06
1.90580974453e-06
1.95107234382e-06
2.0306957793e-06
2.15332539553e-06
2.32659159512e-06
2.55843354992e-06
2.85855674899e-06
3.23990013596e-06
3.72028390923e-06
4.32453651672e-06
5.08750990229e-06
6.05858367864e-06
7.30861617051e-06
1.87758365289e-06
1.88471301565e-06
1.90578122242e-06
1.95104694936e-06
2.03067386639e-06
2.153307012e-06
2.32657657173e-06
2.55842158327e-06
2.85854746456e-06
3.23989313232e-06
3.72027878774e-06
4.32453290087e-06
5.08750744999e-06
6.05858208611e-06
7.30861516852e-06
1.87755849015e-06
1.88468891296e-06
1.90575899763e-06
1.95102715995e-06
2.03065678822e-06
2.15329268296e-06
2.32656486051e-06
2.5584122541e-06
2.85854022632e-06
3.23988767261e-06
3.72027479643e-06
4.32453008536e-06
5.08750554407e-06
6.05858085391e-06
7.30861440273e-06
1.87753888334e-06
1.88467013159e-06
1.90574167873e-06
1.95101173781e-06
2.0306434781e-06
2.15328151461e-06
2.32655573209e-06
2.55840498226e-06
2.85853458449e-06
3.23988341786e-06
3.72027168734e-06
4.32452789401e-06
5.08750406303e-06
6.05857989918e-06
7.30861381162e-06
1.87752360475e-06
1.88465549593e-06
1.90572818224e-06
1.95099971897e-06
2.03063310478e-06
2.15327281028e-06
2.32654861752e-06
2.55839931481e-06
2.85853018789e-06
3.23988010294e-06
3.72026926602e-06
4.32452618891e-06
5.08750291277e-06
6.05857916049e-06
7.30861335716e-06
1.87751169842e-06
1.8846440905e-06
1.90571766435e-06
1.95099035245e-06
2.03062502048e-06
2.1532660266e-06
2.32654307296e-06
2.55839489829e-06
2.85852676218e-06
3.23987752063e-06
3.72026738072e-06
4.32452486254e-06
5.08750201976e-06
6.0585785897e-06
7.30861301061e-06
1.87750241988e-06
1.88463520228e-06
1.90570946768e-06
1.95098305294e-06
2.03061872021e-06
2.15326074006e-06
2.32653875217e-06
2.55839145689e-06
2.85852409319e-06
3.23987550927e-06
3.72026591297e-06
4.3245238307e-06
5.08750132599e-06
6.05857814709e-06
7.30861274223e-06
1.8774951892e-06
1.88462827568e-06
1.90570308002e-06
1.95097736445e-06
2.03061381048e-06
2.15325662036e-06
2.32653538525e-06
2.5583887754e-06
2.85852201386e-06
3.23987394273e-06
3.72026477025e-06
4.3245230279e-06
5.08750078673e-06
6.05857780416e-06
7.3086125363e-06
1.87748955437e-06
1.88462287782e-06
1.90569810213e-06
1.95097293148e-06
2.0306099845e-06
2.15325341015e-06
2.32653276184e-06
2.55838668633e-06
2.85852039414e-06
3.23987272265e-06
3.72026388067e-06
4.32452240332e-06
5.08750036789e-06
6.05857753852e-06
7.30861237876e-06
1.87748516324e-06
1.88461867141e-06
1.90569422302e-06
1.95096947709e-06
2.03060700322e-06
2.15325090884e-06
2.32653071782e-06
2.55838505877e-06
2.85851913247e-06
3.23987177254e-06
3.72026318802e-06
4.32452191727e-06
5.08750004227e-06
6.05857733225e-06
7.3086122554e-06
1.8774817414e-06
1.8846153935e-06
1.90569120024e-06
1.95096678528e-06
2.03060468014e-06
2.15324895979e-06
2.32652912526e-06
2.55838379075e-06
2.85851814967e-06
3.23987103257e-06
3.72026264885e-06
4.32452153917e-06
5.08749978899e-06
6.05857717205e-06
7.30861216068e-06
1.87747907496e-06
1.88461283926e-06
1.90568884481e-06
1.95096468779e-06
2.03060286995e-06
2.1532474412e-06
2.32652788449e-06
2.55838280295e-06
2.85851738408e-06
3.23987045621e-06
3.72026222894e-06
4.32452124472e-06
5.08749959175e-06
6.05857704743e-06
7.3086120888e-06
1.87747699719e-06
1.88461084891e-06
1.90568700944e-06
1.95096305343e-06
2.03060145949e-06
2.15324625795e-06
2.32652691773e-06
2.55838203336e-06
2.85851678772e-06
3.23987000726e-06
3.72026190186e-06
4.32452101542e-06
5.08749943848e-06
6.05857695086e-06
7.30861203428e-06
1.87747537811e-06
1.88460929799e-06
1.90568557924e-06
1.95096177995e-06
2.03060036054e-06
2.15324533602e-06
2.32652616456e-06
2.55838143377e-06
2.85851632308e-06
3.2398696576e-06
3.72026164716e-06
4.32452083686e-06
5.08749931915e-06
6.05857687582e-06
7.30861198966e-06
1.87747411659e-06
1.88460808952e-06
1.9056844649e-06
1.95096078772e-06
2.03059950427e-06
2.15324461775e-06
2.32652557772e-06
2.55838096665e-06
2.8585159611e-06
3.23986938512e-06
3.72026144877e-06
4.32452069783e-06
5.08749922596e-06
6.05857681664e-06
7.30861195357e-06
1.87747313361e-06
1.88460714797e-06
1.90568359663e-06
1.95096001456e-06
2.03059883717e-06
2.15324405812e-06
2.32652512056e-06
2.55838060277e-06
2.85851567914e-06
3.23986917296e-06
3.72026129425e-06
4.32452058943e-06
5.08749915343e-06
6.0585767707e-06
7.30861192697e-06
1.87747236773e-06
1.88460641431e-06
1.90568292013e-06
1.95095941219e-06
2.03059831738e-06
2.15324362213e-06
2.32652476436e-06
2.55838031926e-06
2.85851545949e-06
3.23986900764e-06
3.72026117381e-06
4.32452050497e-06
5.08749909676e-06
6.05857673432e-06
7.3086119024e-06
1.87747177096e-06
1.88460584265e-06
1.905682393e-06
1.95095894283e-06
2.03059791235e-06
2.1532432824e-06
2.32652448686e-06
2.55838009841e-06
2.85851528838e-06
3.23986887886e-06
3.72026107995e-06
4.32452043916e-06
5.0874990526e-06
6.05857670587e-06
7.30861188289e-06
1.87747130598e-06
1.88460539727e-06
1.90568198235e-06
1.95095857717e-06
2.03059759683e-06
2.15324301777e-06
2.32652427064e-06
2.55837992637e-06
2.85851515507e-06
3.23986877851e-06
3.72026100689e-06
4.32452038794e-06
5.08749901831e-06
6.05857668431e-06
7.3086118702e-06
1.87747094374e-06
1.88460505029e-06
1.90568166236e-06
1.95095829228e-06
2.03059735097e-06
2.1532428115e-06
2.32652410219e-06
2.55837979226e-06
2.85851505115e-06
3.23986870032e-06
3.72026094998e-06
4.32452034814e-06
5.08749899187e-06
6.05857666823e-06
7.30861186183e-06
1.87747066146e-06
1.88460477991e-06
1.90568141305e-06
1.95095807028e-06
2.03059715944e-06
2.15324265089e-06
2.32652397093e-06
2.5583796878e-06
2.85851497027e-06
3.23986863949e-06
3.72026090567e-06
4.32452031706e-06
5.0874989711e-06
6.05857665495e-06
7.30861185402e-06
1.87747044153e-06
1.88460456925e-06
1.90568121883e-06
1.95095789735e-06
2.03059701025e-06
2.15324252572e-06
2.32652386869e-06
2.55837960641e-06
2.85851490718e-06
3.23986859201e-06
3.72026087106e-06
4.32452029278e-06
5.08749895468e-06
6.0585766442e-06
7.30861184748e-06
1.87747027023e-06
1.88460440516e-06
1.90568106749e-06
1.95095776263e-06
2.03059689398e-06
2.15324242821e-06
2.32652378906e-06
2.55837954301e-06
2.85851485804e-06
3.23986855496e-06
3.72026084403e-06
4.32452027371e-06
5.08749894173e-06
6.05857663546e-06
7.30861184068e-06
1.87747013676e-06
1.88460427729e-06
1.9056809496e-06
1.95095765764e-06
2.03059680339e-06
2.15324235221e-06
2.32652372699e-06
2.55837949359e-06
2.85851481969e-06
3.23986852602e-06
3.72026082288e-06
4.32452025881e-06
5.0874989315e-06
6.05857662857e-06
7.30861183478e-06
1.87747003274e-06
1.88460417763e-06
1.90568085775e-06
1.95095757588e-06
2.03059673284e-06
2.15324229305e-06
2.32652367862e-06
2.55837945505e-06
2.85851478988e-06
3.23986850356e-06
3.72026080652e-06
4.32452024729e-06
5.08749892394e-06
6.05857662443e-06
7.30861183461e-06
1.8774699517e-06
1.88460410002e-06
1.90568078615e-06
1.95095751213e-06
2.03059667781e-06
2.15324224688e-06
2.32652364091e-06
2.55837942505e-06
2.85851476654e-06
3.23986848606e-06
3.72026079371e-06
4.32452023837e-06
5.08749891821e-06
6.05857662106e-06
7.30861183476e-06
1.87746988855e-06
1.88460403955e-06
1.90568073038e-06
1.95095746246e-06
2.03059663497e-06
2.15324221089e-06
2.32652361152e-06
2.55837940163e-06
2.85851474844e-06
3.23986847238e-06
3.72026078381e-06
4.32452023145e-06
5.08749891344e-06
6.05857661798e-06
7.30861183393e-06
1.87746983938e-06
1.88460399244e-06
1.90568068692e-06
1.95095742376e-06
2.03059660157e-06
2.15324218292e-06
2.32652358862e-06
2.55837938344e-06
2.85851473434e-06
3.23986846177e-06
3.72026077607e-06
4.32452022594e-06
5.08749890965e-06
6.05857661552e-06
7.30861183308e-06
1.87746980104e-06
1.88460395574e-06
1.90568065307e-06
1.95095739362e-06
2.03059657553e-06
2.15324216106e-06
2.32652357077e-06
2.55837936923e-06
2.85851472331e-06
3.23986845342e-06
3.72026076995e-06
4.32452022168e-06
5.08749890675e-06
6.05857661349e-06
7.30861183063e-06
1.87746977118e-06
1.88460392714e-06
1.9056806267e-06
1.95095737019e-06
2.03059655529e-06
2.15324214408e-06
2.32652355695e-06
2.55837935816e-06
2.85851471475e-06
3.239868447e-06
3.72026076532e-06
4.32452021837e-06
5.08749890455e-06
6.05857661214e-06
7.30861182914e-06
1.87746974791e-06
1.88460390482e-06
1.90568060616e-06
1.95095735187e-06
2.03059653952e-06
2.1532421309e-06
2.32652354614e-06
2.55837934961e-06
2.85851470808e-06
3.239868442e-06
3.72026076163e-06
4.32452021589e-06
5.08749890288e-06
6.05857661104e-06
7.30861183053e-06
1.87746972978e-06
1.88460388745e-06
1.90568059016e-06
1.95095733758e-06
2.0305965272e-06
2.15324212052e-06
2.32652353763e-06
2.55837934279e-06
2.85851470284e-06
3.2398684381e-06
3.72026075883e-06
4.32452021379e-06
5.08749890131e-06
6.05857660971e-06
7.30861182936e-06
1.87746971562e-06
1.88460387392e-06
1.90568057767e-06
1.95095732652e-06
2.03059651763e-06
2.15324211245e-06
2.326523531e-06
2.55837933756e-06
2.85851469881e-06
3.23986843507e-06
3.72026075664e-06
4.32452021235e-06
5.08749890039e-06
6.05857660941e-06
7.30861182916e-06
1.87746970468e-06
1.8846038634e-06
1.90568056798e-06
1.95095731783e-06
2.03059651014e-06
2.15324210614e-06
2.3265235259e-06
2.55837933352e-06
2.85851469567e-06
3.23986843271e-06
3.72026075496e-06
4.32452021118e-06
5.08749889964e-06
6.05857660905e-06
7.3086118295e-06
1.87746969609e-06
1.88460385518e-06
1.90568056038e-06
1.95095731108e-06
2.0305965043e-06
2.15324210129e-06
2.32652352195e-06
2.55837933038e-06
2.85851469323e-06
3.23986843085e-06
3.72026075359e-06
4.32452021017e-06
5.08749889883e-06
6.05857660791e-06
7.30861182802e-06
1.87746968941e-06
1.88460384883e-06
1.90568055451e-06
1.95095730579e-06
2.03059649974e-06
2.15324209748e-06
2.32652351884e-06
2.55837932794e-06
2.85851469131e-06
3.23986842948e-06
3.72026075258e-06
4.32452020945e-06
5.08749889828e-06
6.05857660763e-06
7.30861183003e-06
1.87746968415e-06
1.88460384372e-06
1.90568054978e-06
1.95095730164e-06
2.03059649617e-06
2.1532420945e-06
2.32652351641e-06
2.55837932592e-06
2.85851468982e-06
3.23986842836e-06
3.72026075179e-06
4.32452020893e-06
5.08749889808e-06
6.05857660834e-06
7.30861183349e-06
1.87746968007e-06
1.88460383985e-06
1.90568054622e-06
1.95095729847e-06
2.03059649346e-06
2.15324209223e-06
2.32652351455e-06
2.55837932447e-06
2.85851468867e-06
3.23986842745e-06
3.7202607511e-06
4.32452020846e-06
5.08749889789e-06
6.0585766083e-06
7.30861183366e-06
1.87746967692e-06
1.88460383686e-06
1.90568054347e-06
1.95095729601e-06
2.03059649131e-06
2.15324209044e-06
2.3265235131e-06
2.55837932337e-06
2.85851468782e-06
3.23986842686e-06
3.7202607506e-06
4.32452020809e-06
5.08749889753e-06
6.05857660774e-06
7.30861183209e-06
1.87746967447e-06
1.8846038345e-06
1.90568054125e-06
1.95095729408e-06
2.03059648965e-06
2.15324208906e-06
2.32652351201e-06
2.55837932251e-06
2.85851468716e-06
3.23986842633e-06
3.72026075027e-06
4.32452020783e-06
5.08749889721e-06
6.05857660724e-06
7.30861183106e-06
1.87746967256e-06
1.88460383264e-06
1.90568053957e-06
1.95095729259e-06
2.03059648837e-06
2.153242088e-06
2.32652351111e-06
2.55837932177e-06
2.85851468667e-06
3.23986842589e-06
3.72026074993e-06
4.32452020755e-06
5.08749889692e-06
6.05857660689e-06
7.30861183051e-06
1.87746967107e-06
1.88460383123e-06
1.90568053829e-06
1.95095729142e-06
2.03059648737e-06
2.15324208711e-06
2.32652351043e-06
2.55837932125e-06
2.8585146862e-06
3.23986842557e-06
3.72026074966e-06
4.32452020727e-06
5.08749889668e-06
6.05857660653e-06
7.30861183081e-06
1.87746966992e-06
1.88460383012e-06
1.90568053726e-06
1.95095729049e-06
2.03059648657e-06
2.15324208646e-06
2.32652350985e-06
2.55837932076e-06
2.85851468583e-06
3.23986842522e-06
3.72026074941e-06
4.32452020707e-06
5.08749889647e-06
6.05857660621e-06
7.30861183118e-06
1.87746966906e-06
1.88460382925e-06
1.90568053645e-06
1.95095728979e-06
2.03059648596e-06
2.15324208589e-06
2.32652350942e-06
2.5583793204e-06
2.85851468551e-06
3.23986842503e-06
3.72026074925e-06
4.32452020701e-06
5.08749889635e-06
6.05857660606e-06
7.30861183132e-06
1.87746966832e-06
1.88460382854e-06
1.90568053581e-06
1.95095728921e-06
2.03059648549e-06
2.15324208556e-06
2.32652350909e-06
2.55837932013e-06
2.85851468531e-06
3.23986842494e-06
3.72026074919e-06
4.32452020697e-06
5.08749889649e-06
6.05857660624e-06
7.30861183036e-06
1.87746966777e-06
1.88460382803e-06
1.90568053534e-06
1.95095728881e-06
2.03059648512e-06
2.15324208523e-06
2.32652350887e-06
2.55837932001e-06
2.85851468522e-06
3.23986842485e-06
3.72026074913e-06
4.3245202069e-06
5.08749889647e-06
6.05857660612e-06
7.30861182871e-06
1.87746966729e-06
1.88460382759e-06
1.90568053497e-06
1.95095728845e-06
2.03059648481e-06
2.15324208498e-06
2.32652350868e-06
2.55837931986e-06
2.85851468511e-06
3.23986842477e-06
3.72026074915e-06
4.32452020694e-06
5.08749889651e-06
6.05857660679e-06
7.30861183085e-06
1.87746966694e-06
1.88460382727e-06
1.90568053463e-06
1.95095728816e-06
2.03059648456e-06
2.15324208478e-06
2.32652350855e-06
2.55837931974e-06
2.85851468508e-06
3.23986842474e-06
3.72026074909e-06
4.32452020696e-06
5.0874988967e-06
6.05857660705e-06
7.30861183036e-06
1.87746966667e-06
1.88460382702e-06
1.90568053441e-06
1.95095728793e-06
2.03059648439e-06
2.15324208458e-06
2.32652350838e-06
2.55837931963e-06
2.85851468498e-06
3.23986842475e-06
3.72026074911e-06
4.32452020701e-06
5.08749889673e-06
6.05857660677e-06
7.30861182846e-06
1.87746966639e-06
1.88460382674e-06
1.90568053414e-06
1.95095728774e-06
2.03059648417e-06
2.15324208447e-06
2.32652350823e-06
2.55837931952e-06
2.8585146849e-06
3.23986842474e-06
3.7202607492e-06
4.3245202071e-06
5.08749889685e-06
6.05857660708e-06
7.3086118295e-06
1.87746966618e-06
1.88460382655e-06
1.90568053397e-06
1.95095728754e-06
2.03059648399e-06
2.15324208434e-06
2.32652350814e-06
2.55837931942e-06
2.85851468485e-06
3.23986842471e-06
3.72026074916e-06
4.32452020717e-06
5.08749889694e-06
6.05857660687e-06
7.30861182758e-06
1.87746966599e-06
1.88460382632e-06
1.90568053373e-06
1.95095728735e-06
2.03059648382e-06
2.15324208416e-06
2.32652350801e-06
2.55837931938e-06
2.85851468482e-06
3.23986842467e-06
3.72026074916e-06
4.32452020715e-06
5.08749889691e-06
6.05857660683e-06
7.30861182757e-06
1.87746966573e-06
1.88460382611e-06
1.90568053352e-06
1.95095728712e-06
2.03059648363e-06
2.15324208397e-06
2.32652350784e-06
2.55837931921e-06
2.8585146847e-06
3.23986842454e-06
3.72026074913e-06
4.32452020717e-06
5.08749889706e-06
6.05857660748e-06
7.30861182967e-06
1.8774696654e-06
1.88460382578e-06
1.90568053321e-06
1.95095728682e-06
2.03059648332e-06
2.15324208365e-06
2.32652350754e-06
2.55837931891e-06
2.85851468439e-06
3.2398684243e-06
3.72026074888e-06
4.32452020701e-06
5.08749889697e-06
6.05857660713e-06
7.30861182835e-06
1.87746966494e-06
1.88460382531e-06
1.90568053273e-06
1.95095728637e-06
2.03059648288e-06
2.15324208324e-06
2.32652350709e-06
2.55837931846e-06
2.85851468399e-06
3.23986842385e-06
3.72026074843e-06
4.32452020651e-06
5.08749889639e-06
6.05857660675e-06
7.30861182895e-06
1.87746966427e-06
1.88460382467e-06
1.90568053211e-06
1.95095728576e-06
2.03059648224e-06
2.15324208255e-06
2.32652350638e-06
2.55837931774e-06
2.85851468315e-06
3.23986842304e-06
3.72026074761e-06
4.32452020573e-06
5.0874988958e-06
6.05857660661e-06
7.30861183034e-06
1.87746966331e-06
1.88460382369e-06
1.90568053114e-06
1.95095728472e-06
2.03059648121e-06
2.15324208151e-06
2.32652350529e-06
2.55837931649e-06
2.85851468186e-06
3.23986842165e-06
3.72026074614e-06
4.32452020422e-06
5.08749889428e-06
6.05857660476e-06
7.30861182745e-06
1.87746966189e-06
1.88460382231e-06
1.90568052974e-06
1.95095728332e-06
2.03059647972e-06
2.15324207987e-06
2.32652350352e-06
2.55837931456e-06
2.85851467965e-06
3.2398684192e-06
3.72026074352e-06
4.32452020143e-06
5.08749889123e-06
6.05857660135e-06
7.30861182425e-06
)
;

boundaryField
{
    inlet1
    {
        type            calculated;
        value           nonuniform List<scalar> 
15
(
7.07617183052e-05
7.07617183048e-05
7.07617183045e-05
7.07617183044e-05
7.07617183043e-05
7.07617183042e-05
7.07617183042e-05
7.07617183042e-05
7.07617183041e-05
7.07617183041e-05
7.07617183041e-05
7.07617183041e-05
7.07617183041e-05
7.07617183041e-05
7.07617183041e-05
)
;
    }
    inlet2
    {
        type            calculated;
        value           nonuniform List<scalar> 
15
(
7.07617183041e-05
7.07617183041e-05
7.07617183041e-05
7.07617183041e-05
7.07617183041e-05
7.07617183041e-05
7.07617183041e-05
7.07617183042e-05
7.07617183042e-05
7.07617183042e-05
7.07617183043e-05
7.07617183044e-05
7.07617183045e-05
7.07617183048e-05
7.07617183052e-05
)
;
    }
    outlet
    {
        type            compressible::alphatWallFunction;
        Prt             0.85;
        value           nonuniform List<scalar> 
30
(
8.59836684998e-06
7.1277371765e-06
5.9852928112e-06
5.08767082318e-06
4.37677734346e-06
3.81160990342e-06
3.36295844527e-06
3.00985801575e-06
2.73708647331e-06
2.53322597494e-06
2.38893703355e-06
2.29524386125e-06
2.24197709236e-06
2.21718096605e-06
2.20878783623e-06
2.20878783628e-06
2.21718096619e-06
2.24197709256e-06
2.29524386145e-06
2.38893703363e-06
2.53322597491e-06
2.7370864732e-06
3.00985801545e-06
3.36295844476e-06
3.81160990281e-06
4.37677734287e-06
5.08767082237e-06
5.98529280987e-06
7.12773717408e-06
8.59836684726e-06
)
;
    }
    walls
    {
        type            compressible::alphatWallFunction;
        Prt             0.85;
        value           uniform 0;
    }
    frontAndBack
    {
        type            empty;
    }
}


// ************************************************************************* //
