/*--------------------------------*- C++ -*----------------------------------*\
  =========                 |
  \\      /  F ield         | OpenFOAM: The Open Source CFD Toolbox
   \\    /   O peration     | Website:  https://openfoam.org
    \\  /    A nd           | Version:  dev
     \\/     M anipulation  |
\*---------------------------------------------------------------------------*/
FoamFile
{
    version     2.0;
    format      ascii;
    class       volScalarField;
    location    "0";
    object      epsilon;
}
// * * * * * * * * * * * * * * * * * * * * * * * * * * * * * * * * * * * * * //

dimensions      [ 0 2 -3 0 0 0 0 ];

internalField   nonuniform List<scalar> 
3000
(
0.000174417263056
7.33054602471e-05
3.21567790117e-05
1.49832734896e-05
7.45138230528e-06
3.95319402039e-06
2.22717759996e-06
1.32521137178e-06
8.29623420348e-07
5.45806611235e-07
3.77972476583e-07
2.76782501877e-07
2.1598313794e-07
1.81425300978e-07
1.65730461979e-07
0.000273957433312
0.000129321533219
6.391575056e-05
3.30926721561e-05
1.7908643457e-05
1.01218214566e-05
5.97276201925e-06
3.67515878341e-06
2.35352515036e-06
1.56615144365e-06
1.08353153976e-06
7.83001941257e-07
5.97429741671e-07
4.89746481764e-07
4.40209494295e-07
0.000171627546574
9.60057449382e-05
5.46095528913e-05
3.17004780439e-05
1.88162287375e-05
1.14790929929e-05
7.20358903722e-06
4.65350041102e-06
3.09625428469e-06
2.12495633177e-06
1.50810482694e-06
1.11304623533e-06
8.63580008075e-07
7.16347361446e-07
6.47881746813e-07
0.000111656247855
6.64010439394e-05
4.05429722019e-05
2.53145922595e-05
1.61446907835e-05
1.04733517201e-05
6.91972839744e-06
4.66186910517e-06
3.21780811806e-06
2.27944814679e-06
1.66271892598e-06
1.25655096328e-06
9.9461729831e-07
8.37754136337e-07
7.64172540594e-07
7.64605111792e-05
4.72387107935e-05
3.00407430051e-05
1.95686868433e-05
1.30097544811e-05
8.80510938494e-06
6.06264880824e-06
4.25155722055e-06
3.03358409666e-06
2.20957230392e-06
1.65043792735e-06
1.27315273336e-06
1.02655579605e-06
8.77357925412e-07
8.06928600324e-07
5.79738086756e-05
3.62928186468e-05
2.34720260752e-05
1.56003453932e-05
1.06089398e-05
7.35829383693e-06
5.19549987107e-06
3.73205675744e-06
2.72830712419e-06
2.03412371305e-06
1.55324838543e-06
1.22353782314e-06
1.00324712762e-06
8.68111963864e-07
8.03834558144e-07
4.74248123813e-05
2.98894107699e-05
1.94680475384e-05
1.30482549803e-05
8.96459072888e-06
6.29358779425e-06
4.50498549794e-06
3.28407020412e-06
2.43826499208e-06
1.84674490117e-06
1.43216044695e-06
1.14441482806e-06
9.51033526053e-07
8.31762112023e-07
7.74826805661e-07
4.1375926335e-05
2.61300247184e-05
1.70489677758e-05
1.14507687167e-05
7.89090117557e-06
5.56391055932e-06
4.00583052661e-06
2.94126324614e-06
2.20219391366e-06
1.6836333565e-06
1.31871204103e-06
1.06435272219e-06
8.9284103247e-07
7.86797074926e-07
7.36098984458e-07
3.77704424641e-05
2.3871972921e-05
1.55745609803e-05
1.04558544471e-05
7.20307872319e-06
5.08029596287e-06
3.66192072565e-06
2.69480904592e-06
2.02451925443e-06
1.55472280095e-06
1.22427396547e-06
9.93950853824e-07
8.38628109941e-07
7.42581208477e-07
6.96658824127e-07
3.56213140011e-05
2.25122627468e-05
1.46751975575e-05
9.83857894315e-06
6.76699531342e-06
4.76553240871e-06
3.43119300318e-06
2.52378268394e-06
1.89661419044e-06
1.45821010865e-06
1.15057665796e-06
9.36588921317e-07
7.92517609737e-07
7.03536619685e-07
6.61024946801e-07
3.43323110743e-05
2.1691642901e-05
1.41269861478e-05
9.45703209943e-06
6.4925384434e-06
4.56303201807e-06
3.27892440971e-06
2.40764596008e-06
1.807010855e-06
1.38830330286e-06
1.0952842217e-06
8.9197070904e-07
7.55379387804e-07
6.71157917422e-07
6.30962455386e-07
3.35696343266e-05
2.12017635425e-05
1.37959212492e-05
9.2232256126e-06
6.32134017206e-06
4.43406370487e-06
3.17963710381e-06
2.32992631613e-06
1.74534062593e-06
1.33873209995e-06
1.0548370671e-06
8.58291915976e-07
7.26507506059e-07
6.45376031501e-07
6.0669383972e-07
3.31284819465e-05
2.09149209854e-05
1.35992000619e-05
9.08187767496e-06
6.21578370657e-06
4.35278645998e-06
3.11556002758e-06
2.27847818717e-06
1.70340854242e-06
1.3040735273e-06
1.02574077132e-06
8.33375661864e-07
7.04592521459e-07
6.25405998901e-07
5.87680761831e-07
3.28787873244e-05
2.07504716965e-05
1.34845018428e-05
8.99778992104e-06
6.15155551995e-06
4.30211692798e-06
3.07458498887e-06
2.24470511619e-06
1.67513569888e-06
1.28006445315e-06
1.00503702731e-06
8.15186106337e-07
6.88225976274e-07
6.10229239037e-07
5.73091868179e-07
3.27429581142e-05
2.06592944598e-05
1.34194208369e-05
8.948815757e-06
6.11309173342e-06
4.27089410026e-06
3.04860401489e-06
2.22267737713e-06
1.65617736036e-06
1.26352515887e-06
9.90401773586e-07
8.02018012124e-07
6.76132486135e-07
5.98842064861e-07
5.6205515505e-07
3.26734303228e-05
2.06111851208e-05
1.3383874812e-05
8.92107344019e-06
6.09049359623e-06
4.25189255454e-06
3.03225637211e-06
2.20837613255e-06
1.64350232946e-06
1.25216050296e-06
9.80088762817e-07
7.92528102845e-07
6.67252284483e-07
5.90365382658e-07
5.53779267207e-07
3.26409761274e-05
2.05875630022e-05
1.336544537e-05
8.90589976337e-06
6.0775043001e-06
4.24047173214e-06
3.02203315871e-06
2.19911234015e-06
1.63503050464e-06
1.24434907184e-06
9.72822369954e-07
7.85696847205e-07
6.60746397988e-07
5.84073546813e-07
5.47590331438e-07
3.26283354624e-05
2.05773176158e-05
1.33566122515e-05
8.89797433506e-06
6.0702201064e-06
4.2336847337e-06
3.015662171e-06
2.19310689176e-06
1.62935280913e-06
1.23896373467e-06
9.67690544491e-07
7.80772858361e-07
6.5597503113e-07
5.79385247161e-07
5.42888575613e-07
3.26256173458e-05
2.05739944466e-05
1.33529334877e-05
8.89409651412e-06
6.06624647896e-06
4.22968665029e-06
3.01169010706e-06
2.18919617636e-06
1.62552625775e-06
1.23523320316e-06
9.64058474874e-07
7.77234721607e-07
6.52523874077e-07
5.76020742733e-07
5.39636663898e-07
3.2627322565e-05
2.05739514126e-05
1.33518528116e-05
8.89238329865e-06
6.06414095616e-06
4.22733852341e-06
3.00919737817e-06
2.18662508129e-06
1.62292194196e-06
1.23262571152e-06
9.61466455718e-07
7.7466818458e-07
6.49986541035e-07
5.7351147257e-07
5.37147460987e-07
3.26305045159e-05
2.05751839317e-05
1.33519358591e-05
8.89175306279e-06
6.06305245065e-06
4.22594949917e-06
3.00761032626e-06
2.18490934367e-06
1.62112567239e-06
1.23078243855e-06
9.59598883039e-07
7.72790705937e-07
6.48106986771e-07
5.71632315249e-07
5.35266567116e-07
3.26337239814e-05
2.05767101249e-05
1.33524405296e-05
8.89161583502e-06
6.06249522599e-06
4.22510937022e-06
3.00657624873e-06
2.1837418601e-06
1.61986747099e-06
1.22946409362e-06
9.58242185365e-07
7.71410744155e-07
6.46713666062e-07
5.70231499358e-07
5.33860702817e-07
3.26364118097e-05
2.05780718984e-05
1.33529980216e-05
8.89166046091e-06
6.06219938162e-06
4.22457885169e-06
3.00588033799e-06
2.1829282788e-06
1.61897042926e-06
1.22850868227e-06
9.57246867613e-07
7.7038889294e-07
6.45674668582e-07
5.69181643549e-07
5.32803883762e-07
3.26384182683e-05
2.05791213966e-05
1.33534603039e-05
8.89174309488e-06
6.06202432929e-06
4.22422263379e-06
3.00539346896e-06
2.18234600752e-06
1.61831847297e-06
1.22780631872e-06
9.56508652904e-07
7.6962571601e-07
6.44894532496e-07
5.68390356525e-07
5.32005706026e-07
3.26397913321e-05
2.05798491433e-05
1.33537853033e-05
8.89180245393e-06
6.06189968265e-06
4.22396552541e-06
3.0050385008e-06
2.18191781348e-06
1.61783543921e-06
1.22728257014e-06
9.55955138225e-07
7.69050873263e-07
6.44304806772e-07
5.67790695707e-07
5.31400048288e-07
3.26406502978e-05
2.05803035492e-05
1.33539805755e-05
8.89182189683e-06
6.06179394889e-06
4.22376705693e-06
3.00476964076e-06
2.18159493538e-06
1.61747114095e-06
1.22688682397e-06
9.55535901775e-07
7.68614462788e-07
6.43856209025e-07
5.67333894517e-07
5.30938360421e-07
3.26411268053e-05
2.05805496457e-05
1.33540724856e-05
8.89180471498e-06
6.06169537905e-06
4.22360600177e-06
3.00455962363e-06
2.18134629476e-06
1.61719217077e-06
1.22658434367e-06
9.55215537497e-07
7.6828081671e-07
6.43513022057e-07
5.66984245158e-07
5.30584884998e-07
3.26413383356e-05
2.05806494092e-05
1.33540902626e-05
8.89175980008e-06
6.06160084938e-06
4.22347120196e-06
3.00439188357e-06
2.18115169082e-06
1.61697591523e-06
1.22635095338e-06
9.54968893378e-07
7.68024197091e-07
6.43249164515e-07
5.66715456314e-07
5.30313179358e-07
3.26413795179e-05
2.05806546449e-05
1.33540611562e-05
8.89169877813e-06
6.06151146861e-06
4.22335693896e-06
3.00425610957e-06
2.18099766445e-06
1.61680674742e-06
1.22616954429e-06
9.54777862413e-07
7.67825835889e-07
6.43045436876e-07
5.66508050041e-07
5.30103590525e-07
3.26413186501e-05
2.0580603981e-05
1.33540046489e-05
8.89163034231e-06
6.06142881056e-06
4.22325985035e-06
3.00414546176e-06
2.18087489979e-06
1.61667358363e-06
1.22602777629e-06
9.54629220697e-07
7.67671896378e-07
6.42887585651e-07
5.66347499486e-07
5.29941428096e-07
3.26412052221e-05
2.05805244522e-05
1.3353936013e-05
8.89156142663e-06
6.06135439452e-06
4.22317775718e-06
3.00405514476e-06
2.18077671062e-06
1.6165683589e-06
1.22591657992e-06
9.54513173079e-07
7.6755206662e-07
6.42764939695e-07
5.66222895895e-07
5.29815644562e-07
3.26410713906e-05
2.05804350163e-05
1.33538652543e-05
8.89149657287e-06
6.06128907906e-06
4.22310893173e-06
3.00398155689e-06
2.18069811022e-06
1.61648505441e-06
1.22582916825e-06
9.54422366034e-07
7.67458582008e-07
6.42669444526e-07
5.66125991964e-07
5.2971788135e-07
3.26409369224e-05
2.05803468288e-05
1.33537983487e-05
8.8914383231e-06
6.0612330164e-06
4.22305179531e-06
3.00392182868e-06
2.18063525035e-06
1.61641907523e-06
1.22576037899e-06
9.54351211282e-07
7.67385540513e-07
6.42594974385e-07
5.66050512196e-07
5.29641777165e-07
3.26408126959e-05
2.05802660677e-05
1.33537384561e-05
8.89138777086e-06
6.06118581076e-06
4.22300483419e-06
3.00387358508e-06
2.18058508364e-06
1.61636684853e-06
1.22570623202e-06
9.54295417602e-07
7.67328418633e-07
6.42536838517e-07
5.65991653354e-07
5.29582464288e-07
3.26407038532e-05
2.05801955906e-05
1.3353686856e-05
8.89134504483e-06
6.06114671101e-06
4.22296660317e-06
3.00383482336e-06
2.18054515702e-06
1.61632555981e-06
1.2256636266e-06
9.54251662239e-07
7.6728372586e-07
6.42491424467e-07
5.6594572039e-07
5.29536199973e-07
3.26406119337e-05
2.05801361581e-05
1.33536436478e-05
8.89130968321e-06
6.06111477731e-06
4.22293575328e-06
3.00380384565e-06
2.18051347891e-06
1.61629297416e-06
1.22563013041e-06
9.54217356811e-07
7.67248754445e-07
6.4245593697e-07
5.65909858331e-07
5.29500094702e-07
3.26405363924e-05
2.05800873057e-05
1.33536082509e-05
8.89128090738e-06
6.06108900608e-06
4.22291105661e-06
3.00377921473e-06
2.18048842487e-06
1.61626730596e-06
1.22560382412e-06
9.54190474587e-07
7.6722139437e-07
6.42428204349e-07
5.65881853132e-07
5.29471909623e-07
3.2640475602e-05
2.05800479355e-05
1.33535797469e-05
8.89125780957e-06
6.06106841666e-06
4.22289142392e-06
3.00375972203e-06
2.18046867054e-06
1.61624712631e-06
1.22558318923e-06
9.54169423855e-07
7.6719999647e-07
6.42406534474e-07
5.65859982874e-07
5.2944990518e-07
3.26404274126e-05
2.05800166729e-05
1.33535570989e-05
8.89123947196e-06
6.06105210429e-06
4.22287591051e-06
3.00374436011e-06
2.18045313927e-06
1.61623129187e-06
1.22556702321e-06
9.54152952461e-07
7.67183269181e-07
6.42389606048e-07
5.65842905443e-07
5.29432726731e-07
3.26403896708e-05
2.05799921405e-05
1.33535392927e-05
8.89122504072e-06
6.06103926803e-06
4.22286371371e-06
3.00373229743e-06
2.18044095924e-06
1.61621888891e-06
1.22555437345e-06
9.54140074563e-07
7.67170199786e-07
6.42376385919e-07
5.65829573195e-07
5.29419317745e-07
3.26403604113e-05
2.05799730607e-05
1.33535254045e-05
8.89121375982e-06
6.06102922134e-06
4.22285416365e-06
3.00372285387e-06
2.18043142831e-06
1.616209189e-06
1.2255444861e-06
9.54130013925e-07
7.67159993806e-07
6.42366065504e-07
5.65819167475e-07
5.29408853227e-07
3.26403378324e-05
2.05799583014e-05
1.33535146303e-05
8.89120498462e-06
6.06102138989e-06
4.22284670984e-06
3.00371547892e-06
2.18042398392e-06
1.61620161328e-06
1.22553676549e-06
9.54122159847e-07
7.67152027993e-07
6.4235801181e-07
5.65811048219e-07
5.29400688596e-07
3.26403204878e-05
2.05799469397e-05
1.33535063096e-05
8.89119818483e-06
6.0610153046e-06
4.22284090689e-06
3.00370973056e-06
2.1804181779e-06
1.61619570323e-06
1.22553074195e-06
9.5411603228e-07
7.6714581362e-07
6.42351729288e-07
5.6580471488e-07
5.2939432002e-07
3.2640307195e-05
2.05799382136e-05
1.33534998999e-05
8.89119292893e-06
6.0610105866e-06
4.22283639748e-06
3.00370525682e-06
2.18041365506e-06
1.61619109686e-06
1.22552604575e-06
9.54111254289e-07
7.67140967659e-07
6.4234683009e-07
5.65799776037e-07
5.29389353692e-07
3.26402970205e-05
2.05799315202e-05
1.33534949695e-05
8.89118887267e-06
6.06100693414e-06
4.22283289792e-06
3.00370177887e-06
2.18041013489e-06
1.61618750915e-06
1.22552238654e-06
9.5410753039e-07
7.67137190224e-07
6.42343010818e-07
5.6579592567e-07
5.29385481798e-07
3.26402892529e-05
2.05799263991e-05
1.33534911845e-05
8.89118574697e-06
6.06100410987e-06
4.22283018464e-06
3.00369907727e-06
2.18040739706e-06
1.61618471646e-06
1.22551953667e-06
9.54104629159e-07
7.67134246641e-07
6.4234003426e-07
5.65792924637e-07
5.29382463861e-07
3.2640283313e-05
2.05799224756e-05
1.33534882774e-05
8.89118333869e-06
6.06100192716e-06
4.22282808226e-06
3.0036969799e-06
2.18040526874e-06
1.61618254357e-06
1.22551731793e-06
9.54102369596e-07
7.67131953484e-07
6.42337715005e-07
5.65790586084e-07
5.2938011202e-07
3.26402787725e-05
2.05799194723e-05
1.3353486046e-05
8.89118148435e-06
6.06100024112e-06
4.222826454e-06
3.0036953524e-06
2.18040361488e-06
1.61618085348e-06
1.2255155911e-06
9.54100610189e-07
7.67130167429e-07
6.4233590829e-07
5.6578876412e-07
5.29378279611e-07
3.26402753037e-05
2.05799171811e-05
1.33534843385e-05
8.89118005889e-06
6.06099894001e-06
4.22282519368e-06
3.00369408991e-06
2.18040233017e-06
1.6161795393e-06
1.22551424747e-06
9.54099240589e-07
7.6712877665e-07
6.42334501134e-07
5.65787344905e-07
5.29376852164e-07
3.26402726385e-05
2.05799154229e-05
1.33534830274e-05
8.89117896201e-06
6.06099793565e-06
4.22282421824e-06
3.00369311078e-06
2.18040133239e-06
1.61617851769e-06
1.22551320224e-06
9.54098174641e-07
7.67127693876e-07
6.42333405358e-07
5.65786239595e-07
5.2937574036e-07
3.26402706058e-05
2.05799140724e-05
1.33534820184e-05
8.89117811639e-06
6.06099715998e-06
4.22282346329e-06
3.00369235175e-06
2.18040055771e-06
1.61617772368e-06
1.2255123893e-06
9.54097345193e-07
7.67126851035e-07
6.42332552214e-07
5.65785378895e-07
5.29374874557e-07
3.26402690513e-05
2.05799130401e-05
1.33534812452e-05
8.89117746635e-06
6.06099656164e-06
4.22282287939e-06
3.00369176345e-06
2.18039995649e-06
1.61617710678e-06
1.22551175722e-06
9.54096699915e-07
7.67126195111e-07
6.42331888102e-07
5.65784708795e-07
5.2937420042e-07
3.26402678617e-05
2.05799122555e-05
1.33534806565e-05
8.89117696869e-06
6.06099610139e-06
4.2228224286e-06
3.003691308e-06
2.18039949017e-06
1.61617662773e-06
1.22551126593e-06
9.54096198084e-07
7.67125684755e-07
6.42331371236e-07
5.657841872e-07
5.29373675642e-07
3.26402669866e-05
2.05799116681e-05
1.33534802109e-05
8.89117658922e-06
6.06099574826e-06
4.22282208107e-06
3.00369095584e-06
2.18039912879e-06
1.61617625591e-06
1.22551088424e-06
9.54095807935e-07
7.67125287811e-07
6.42330969092e-07
5.65783781276e-07
5.29373267216e-07
3.26402663486e-05
2.05799112314e-05
1.33534798752e-05
8.89117630089e-06
6.06099547794e-06
4.22282181383e-06
3.00369068392e-06
2.18039884907e-06
1.61617596758e-06
1.22551058789e-06
9.54095504736e-07
7.67124979159e-07
6.42330656294e-07
5.65783465482e-07
5.29372949421e-07
3.26402658643e-05
2.05799109061e-05
1.33534796244e-05
8.89117608332e-06
6.0609952724e-06
4.22282160912e-06
3.0036904746e-06
2.18039863294e-06
1.61617574426e-06
1.22551035799e-06
9.540952693e-07
7.67124739316e-07
6.42330413097e-07
5.65783219875e-07
5.2937270224e-07
3.26402654979e-05
2.0579910663e-05
1.33534794378e-05
8.89117592056e-06
6.06099511711e-06
4.22282145298e-06
3.00369031391e-06
2.18039846628e-06
1.61617557156e-06
1.22551017982e-06
9.54095086617e-07
7.67124553036e-07
6.4233022412e-07
5.65783028964e-07
5.29372510059e-07
3.26402652525e-05
2.05799104929e-05
1.33534793037e-05
8.89117580106e-06
6.06099500093e-06
4.22282133464e-06
3.00369019105e-06
2.18039833811e-06
1.61617543824e-06
1.22551004197e-06
9.54094945012e-07
7.67124408491e-07
6.42330077375e-07
5.65782880657e-07
5.29372360752e-07
3.26402650807e-05
2.05799103755e-05
1.33534792094e-05
8.89117571444e-06
6.0609949148e-06
4.22282124547e-06
3.00369009745e-06
2.18039823982e-06
1.61617533556e-06
1.22550993547e-06
9.54094835387e-07
7.67124296448e-07
6.42329963523e-07
5.65782765531e-07
5.29372244815e-07
3.26402649713e-05
2.05799102974e-05
1.33534791439e-05
8.89117565259e-06
6.06099485171e-06
4.22282117892e-06
3.00369002667e-06
2.18039816481e-06
1.61617525671e-06
1.22550985339e-06
9.54094750681e-07
7.67124209718e-07
6.42329875299e-07
5.65782676252e-07
5.29372154873e-07
3.26402649162e-05
2.05799102561e-05
1.33534791053e-05
8.89117561193e-06
6.06099480725e-06
4.2228211302e-06
3.00368997375e-06
2.18039810798e-06
1.61617519648e-06
1.22550979034e-06
9.54094685403e-07
7.67124142716e-07
6.42329807038e-07
5.65782607131e-07
5.29372085205e-07
3.264026489e-05
2.05799102366e-05
1.33534790844e-05
8.89117558642e-06
6.06099477698e-06
4.22282109533e-06
3.0036899347e-06
2.1803980653e-06
1.61617515077e-06
1.22550974215e-06
9.54094635261e-07
7.67124091111e-07
6.42329754346e-07
5.65782553687e-07
5.29372031322e-07
3.26402648854e-05
2.05799102333e-05
1.33534790765e-05
8.89117557287e-06
6.06099475784e-06
4.2228210712e-06
3.00368990646e-06
2.18039803365e-06
1.61617511633e-06
1.2255097055e-06
9.54094596903e-07
7.67124051452e-07
6.4232971377e-07
5.6578251248e-07
5.29371989725e-07
3.26402649212e-05
2.0579910252e-05
1.33534790827e-05
8.89117556975e-06
6.06099474764e-06
4.22282105572e-06
3.0036898868e-06
2.18039801069e-06
1.61617509073e-06
1.22550967786e-06
9.54094567714e-07
7.67124021132e-07
6.42329682614e-07
5.65782480779e-07
5.29371957704e-07
3.26402649674e-05
2.05799102794e-05
1.33534790966e-05
8.89117557375e-06
6.06099474451e-06
4.22282104706e-06
3.00368987383e-06
2.18039799441e-06
1.61617507198e-06
1.22550965723e-06
9.54094545689e-07
7.67123998075e-07
6.4232965884e-07
5.65782456505e-07
5.29371933155e-07
3.26402650089e-05
2.05799103128e-05
1.33534791166e-05
8.89117558342e-06
6.06099474636e-06
4.22282104322e-06
3.00368986588e-06
2.18039798335e-06
1.6161750586e-06
1.2255096421e-06
9.54094529231e-07
7.67123980663e-07
6.42329640773e-07
5.65782438007e-07
5.2937191441e-07
3.26402650752e-05
2.0579910354e-05
1.33534791409e-05
8.89117559656e-06
6.06099475179e-06
4.2228210432e-06
3.00368986178e-06
2.18039797629e-06
1.61617504931e-06
1.22550963117e-06
9.54094517116e-07
7.67123967678e-07
6.42329627175e-07
5.65782424019e-07
5.29371900206e-07
3.26402651508e-05
2.05799104013e-05
1.3353479169e-05
8.89117561259e-06
6.06099475987e-06
4.22282104584e-06
3.00368986061e-06
2.18039797229e-06
1.61617504323e-06
1.22550962355e-06
9.54094508359e-07
7.67123958119e-07
6.42329617052e-07
5.65782413523e-07
5.29371889508e-07
3.26402652302e-05
2.05799104545e-05
1.33534792013e-05
8.89117563174e-06
6.06099477065e-06
4.22282105102e-06
3.00368986183e-06
2.18039797072e-06
1.61617503962e-06
1.22550961847e-06
9.5409450223e-07
7.67123951228e-07
6.42329609633e-07
5.65782405762e-07
5.29371881571e-07
3.26402653111e-05
2.05799105055e-05
1.33534792348e-05
8.89117565292e-06
6.06099478353e-06
4.22282105819e-06
3.00368986505e-06
2.18039797112e-06
1.61617503802e-06
1.22550961546e-06
9.54094498154e-07
7.6712394642e-07
6.42329604323e-07
5.65782400143e-07
5.2937187578e-07
3.26402654119e-05
2.05799105633e-05
1.33534792712e-05
8.89117567639e-06
6.06099479827e-06
4.22282106703e-06
3.00368986988e-06
2.18039797311e-06
1.61617503801e-06
1.22550961398e-06
9.54094495689e-07
7.67123943247e-07
6.42329600669e-07
5.65782396173e-07
5.29371871656e-07
3.26402655148e-05
2.0579910626e-05
1.3353479311e-05
8.89117570191e-06
6.06099481472e-06
4.2228210773e-06
3.0036898759e-06
2.18039797632e-06
1.61617503921e-06
1.22550961378e-06
9.54094494469e-07
7.67123941334e-07
6.42329598289e-07
5.65782393499e-07
5.29371868836e-07
3.26402656213e-05
2.05799106918e-05
1.33534793539e-05
8.89117573e-06
6.0609948329e-06
4.2228210889e-06
3.00368988316e-06
2.18039798053e-06
1.61617504139e-06
1.22550961453e-06
9.54094494255e-07
7.67123940436e-07
6.42329596919e-07
5.65782391839e-07
5.29371867027e-07
3.26402657256e-05
2.05799107626e-05
1.33534793997e-05
8.8911757592e-06
6.06099485174e-06
4.22282110124e-06
3.00368989111e-06
2.18039798553e-06
1.61617504436e-06
1.22550961606e-06
9.54094494784e-07
7.67123940294e-07
6.42329596326e-07
5.65782390965e-07
5.29371866014e-07
3.26402658233e-05
2.05799108276e-05
1.3353479442e-05
8.89117578723e-06
6.06099487043e-06
4.22282111381e-06
3.00368989951e-06
2.18039799109e-06
1.61617504786e-06
1.2255096182e-06
9.54094495955e-07
7.67123940759e-07
6.42329596343e-07
5.65782390706e-07
5.29371865622e-07
3.26402659275e-05
2.05799108888e-05
1.3353479482e-05
8.89117581435e-06
6.06099488901e-06
4.22282112647e-06
3.00368990811e-06
2.1803979969e-06
1.61617505178e-06
1.22550962076e-06
9.54094497564e-07
7.67123941697e-07
6.42329596828e-07
5.65782390907e-07
5.293718657e-07
3.26402660242e-05
2.05799109483e-05
1.33534795217e-05
8.89117584131e-06
6.06099490749e-06
4.22282113929e-06
3.00368991702e-06
2.18039800311e-06
1.61617505602e-06
1.22550962366e-06
9.5409449952e-07
7.67123943005e-07
6.42329597698e-07
5.65782391506e-07
5.29371866162e-07
3.26402661183e-05
2.05799110086e-05
1.33534795617e-05
8.89117586841e-06
6.06099492617e-06
4.22282115227e-06
3.00368992605e-06
2.18039800943e-06
1.61617506051e-06
1.22550962682e-06
9.54094501749e-07
7.67123944591e-07
6.42329598852e-07
5.65782392397e-07
5.29371866917e-07
3.264026621e-05
2.05799110734e-05
1.33534796044e-05
8.89117589694e-06
6.06099494549e-06
4.22282116558e-06
3.00368993539e-06
2.18039801598e-06
1.6161750652e-06
1.22550963019e-06
9.54094504204e-07
7.67123946399e-07
6.42329600219e-07
5.657823935e-07
5.29371867897e-07
3.26402663163e-05
2.0579911145e-05
1.33534796506e-05
8.89117592704e-06
6.06099496558e-06
4.22282117926e-06
3.00368994492e-06
2.18039802276e-06
1.61617507005e-06
1.22550963371e-06
9.54094506791e-07
7.67123948376e-07
6.42329601767e-07
5.65782394786e-07
5.29371869058e-07
3.26402664216e-05
2.05799112158e-05
1.33534796967e-05
8.89117595727e-06
6.06099498585e-06
4.22282119307e-06
3.00368995458e-06
2.18039802958e-06
1.61617507498e-06
1.22550963734e-06
9.54094509502e-07
7.6712395044e-07
6.42329603429e-07
5.65782396203e-07
5.29371870348e-07
3.26402665251e-05
2.05799112832e-05
1.33534797406e-05
8.89117598627e-06
6.06099500543e-06
4.22282120658e-06
3.00368996411e-06
2.18039803646e-06
1.61617508e-06
1.22550964107e-06
9.54094512333e-07
7.67123952656e-07
6.42329605223e-07
5.65782397725e-07
5.2937187175e-07
3.26402666459e-05
2.05799113541e-05
1.3353479785e-05
8.89117601545e-06
6.06099502518e-06
4.22282122028e-06
3.00368997377e-06
2.1803980434e-06
1.61617508509e-06
1.22550964487e-06
9.54094515238e-07
7.6712395493e-07
6.4232960708e-07
5.65782399326e-07
5.29371873231e-07
3.26402667594e-05
2.05799114265e-05
1.33534798314e-05
8.89117604583e-06
6.06099504549e-06
4.22282123431e-06
3.00368998363e-06
2.18039805045e-06
1.61617509025e-06
1.22550964873e-06
9.54094518196e-07
7.67123957282e-07
6.42329608999e-07
5.65782400985e-07
5.29371874766e-07
3.26402668709e-05
2.05799114982e-05
1.33534798778e-05
8.89117607645e-06
6.06099506611e-06
4.22282124851e-06
3.00368999359e-06
2.18039805765e-06
1.6161750955e-06
1.22550965264e-06
9.54094521201e-07
7.67123959665e-07
6.42329610969e-07
5.657824027e-07
5.29371876356e-07
3.2640266976e-05
2.0579911567e-05
1.33534799227e-05
8.89117610633e-06
6.06099508649e-06
4.22282126258e-06
3.00369000354e-06
2.1803980648e-06
1.61617510078e-06
1.22550965662e-06
9.54094524262e-07
7.67123962083e-07
6.42329612972e-07
5.65782404439e-07
5.2937187798e-07
3.26402670836e-05
2.05799116328e-05
1.33534799655e-05
8.89117613533e-06
6.06099510643e-06
4.22282127654e-06
3.00369001349e-06
2.18039807204e-06
1.61617510609e-06
1.22550966063e-06
9.5409452734e-07
7.67123964524e-07
6.42329615007e-07
5.65782406223e-07
5.2937187964e-07
3.26402671939e-05
2.05799116962e-05
1.33534800067e-05
8.89117616345e-06
6.06099512607e-06
4.22282129048e-06
3.00369002343e-06
2.18039807925e-06
1.6161751114e-06
1.22550966463e-06
9.54094530439e-07
7.67123967002e-07
6.42329617058e-07
5.65782408025e-07
5.29371881323e-07
3.26402672922e-05
2.05799117573e-05
1.33534800473e-05
8.89117619122e-06
6.06099514545e-06
4.22282130415e-06
3.00369003325e-06
2.18039808636e-06
1.61617511673e-06
1.22550966865e-06
9.54094533577e-07
7.67123969495e-07
6.42329619138e-07
5.65782409844e-07
5.29371883017e-07
3.2640267388e-05
2.05799118202e-05
1.33534800892e-05
8.89117621955e-06
6.060995165e-06
4.22282131794e-06
3.00369004314e-06
2.18039809356e-06
1.61617512204e-06
1.22550967266e-06
9.5409453667e-07
7.67123971987e-07
6.42329621206e-07
5.65782411674e-07
5.29371884732e-07
3.26402675041e-05
2.05799118916e-05
1.33534801347e-05
8.89117624936e-06
6.06099518515e-06
4.22282133188e-06
3.00369005302e-06
2.18039810075e-06
1.61617512738e-06
1.2255096767e-06
9.5409453981e-07
7.67123974504e-07
6.42329623315e-07
5.65782413518e-07
5.29371886464e-07
3.26402676206e-05
2.05799119647e-05
1.33534801815e-05
8.89117628015e-06
6.0609952059e-06
4.22282134623e-06
3.00369006311e-06
2.18039810806e-06
1.61617513275e-06
1.22550968077e-06
9.54094542953e-07
7.67123977027e-07
6.42329625419e-07
5.65782415377e-07
5.293718882e-07
3.26402677212e-05
2.05799120339e-05
1.33534802279e-05
8.89117631111e-06
6.06099522686e-06
4.22282136064e-06
3.00369007335e-06
2.18039811542e-06
1.61617513818e-06
1.22550968485e-06
9.54094546135e-07
7.67123979565e-07
6.42329627549e-07
5.65782417243e-07
5.29371889939e-07
3.26402678285e-05
2.05799121057e-05
1.33534802754e-05
8.89117634267e-06
6.06099524803e-06
4.22282137527e-06
3.00369008367e-06
2.18039812285e-06
1.61617514363e-06
1.22550968898e-06
9.54094549327e-07
7.67123982116e-07
6.42329629658e-07
5.65782419109e-07
5.29371891685e-07
3.26402679437e-05
2.05799121776e-05
1.33534803211e-05
8.89117637297e-06
6.06099526863e-06
4.2228213895e-06
3.00369009378e-06
2.1803981302e-06
1.61617514909e-06
1.22550969307e-06
9.54094552504e-07
7.67123984664e-07
6.42329631794e-07
5.65782420962e-07
5.29371893415e-07
3.26402680683e-05
2.05799122471e-05
1.33534803641e-05
8.89117640122e-06
6.06099528818e-06
4.22282140333e-06
3.00369010369e-06
2.18039813738e-06
1.61617515442e-06
1.2255096971e-06
9.54094555625e-07
7.67123987172e-07
6.42329633875e-07
5.65782422783e-07
5.29371895103e-07
3.26402681702e-05
2.0579912309e-05
1.33534804046e-05
8.89117642875e-06
6.06099530719e-06
4.22282141668e-06
3.00369011321e-06
2.18039814431e-06
1.61617515955e-06
1.22550970101e-06
9.54094558641e-07
7.67123989575e-07
6.42329635861e-07
5.65782424513e-07
5.29371896715e-07
3.26402682831e-05
2.05799123788e-05
1.33534804483e-05
8.89117645694e-06
6.06099532596e-06
4.22282142971e-06
3.00369012233e-06
2.18039815088e-06
1.61617516438e-06
1.22550970463e-06
9.54094561441e-07
7.67123991811e-07
6.42329637713e-07
5.65782426126e-07
5.29371898195e-07
3.264026839e-05
2.05799124475e-05
1.33534804905e-05
8.89117648346e-06
6.06099534333e-06
4.22282144131e-06
3.00369013038e-06
2.18039815657e-06
1.61617516851e-06
1.22550970773e-06
9.54094563812e-07
7.67123993672e-07
6.42329639247e-07
5.65782427465e-07
5.29371899428e-07
3.26402685096e-05
2.05799125125e-05
1.33534805259e-05
8.89117650405e-06
6.06099535589e-06
4.22282144942e-06
3.00369013581e-06
2.18039816033e-06
1.61617517119e-06
1.2255097097e-06
9.54094565309e-07
7.67123994845e-07
6.42329640221e-07
5.65782428313e-07
5.29371900205e-07
1.65730461978e-07
1.81425300977e-07
2.15983137931e-07
2.76782501857e-07
3.77972476549e-07
5.45806611187e-07
8.29623420285e-07
1.32521137173e-06
2.22717759995e-06
3.95319402051e-06
7.45138230565e-06
1.49832734905e-05
3.21567790112e-05
7.3305460238e-05
0.000174417263027
4.40209494291e-07
4.89746481753e-07
5.97429741646e-07
7.83001941188e-07
1.08353153967e-06
1.56615144357e-06
2.35352515027e-06
3.67515878337e-06
5.97276201963e-06
1.01218214575e-05
1.79086434598e-05
3.3092672162e-05
6.39157505692e-05
0.000129321533229
0.000273957433333
6.47881746815e-07
7.16347361453e-07
8.63580008074e-07
1.11304623529e-06
1.5081048269e-06
2.1249563317e-06
3.0962542846e-06
4.65350041114e-06
7.20358903764e-06
1.14790929944e-05
1.88162287416e-05
3.17004780528e-05
5.4609552908e-05
9.60057449644e-05
0.000171627546629
7.64172540596e-07
8.37754136339e-07
9.94617298325e-07
1.25655096329e-06
1.66271892598e-06
2.27944814675e-06
3.21780811807e-06
4.66186910528e-06
6.91972839773e-06
1.0473351721e-05
1.61446907858e-05
2.53145922642e-05
4.05429722103e-05
6.64010439527e-05
0.000111656247868
8.06928600313e-07
8.77357925402e-07
1.02655579604e-06
1.27315273338e-06
1.6504379274e-06
2.20957230399e-06
3.03358409672e-06
4.2515572207e-06
6.06264880853e-06
8.8051093853e-06
1.30097544818e-05
1.95686868438e-05
3.00407430039e-05
4.72387107838e-05
7.64605111316e-05
8.03834558148e-07
8.68111963864e-07
1.00324712762e-06
1.22353782315e-06
1.55324838542e-06
2.03412371299e-06
2.72830712412e-06
3.73205675735e-06
5.19549987077e-06
7.35829383636e-06
1.06089397991e-05
1.5600345391e-05
2.34720260684e-05
3.62928186247e-05
5.79738086102e-05
7.74826805666e-07
8.31762112027e-07
9.51033526051e-07
1.14441482802e-06
1.43216044688e-06
1.84674490102e-06
2.43826499179e-06
3.28407020362e-06
4.50498549713e-06
6.29358779292e-06
8.96459072658e-06
1.30482549765e-05
1.94680475304e-05
2.98894107525e-05
4.74248123439e-05
7.36098984454e-07
7.86797074922e-07
8.92841032426e-07
1.06435272211e-06
1.31871204088e-06
1.68363335622e-06
2.20219391312e-06
2.94126324526e-06
4.00583052506e-06
5.56391055685e-06
7.89090117159e-06
1.14507687102e-05
1.70489677646e-05
2.61300246972e-05
4.13759262875e-05
6.96658824124e-07
7.42581208451e-07
8.38628109875e-07
9.93950853717e-07
1.22427396527e-06
1.55472280059e-06
2.02451925379e-06
2.69480904482e-06
3.66192072387e-06
5.08029596004e-06
7.20307871897e-06
1.04558544406e-05
1.55745609705e-05
2.38719729063e-05
3.77704424308e-05
6.61024946797e-07
7.03536619649e-07
7.92517609677e-07
9.36588921177e-07
1.15057665773e-06
1.45821010832e-06
1.89661418986e-06
2.52378268296e-06
3.4311930017e-06
4.7655324064e-06
6.76699531018e-06
9.83857893907e-06
1.46751975532e-05
2.25122627445e-05
3.56213139943e-05
6.3096245538e-07
6.71157917389e-07
7.55379387753e-07
8.91970708946e-07
1.09528422155e-06
1.3883033026e-06
1.80701085461e-06
2.40764595939e-06
3.27892440883e-06
4.56303201688e-06
6.4925384419e-06
9.45703209797e-06
1.41269861471e-05
2.16916429029e-05
3.4332311072e-05
6.06693839706e-07
6.45376031475e-07
7.26507506008e-07
8.58291915909e-07
1.05483706699e-06
1.33873209976e-06
1.74534062569e-06
2.32992631582e-06
3.17963710345e-06
4.43406370447e-06
6.32134017176e-06
9.22322561267e-06
1.37959212504e-05
2.12017635478e-05
3.35696343412e-05
5.87680761824e-07
6.25405998883e-07
7.04592521422e-07
8.33375661822e-07
1.02574077127e-06
1.30407352726e-06
1.70340854238e-06
2.2784781871e-06
3.11556002766e-06
4.35278646012e-06
6.21578370687e-06
9.08187767536e-06
1.35992000622e-05
2.09149209859e-05
3.31284819481e-05
5.73091868176e-07
6.10229239025e-07
6.88225976255e-07
8.15186106303e-07
1.00503702728e-06
1.28006445312e-06
1.6751356989e-06
2.24470511626e-06
3.07458498909e-06
4.30211692832e-06
6.15155552025e-06
8.99778992137e-06
1.34845018428e-05
2.07504716962e-05
3.28787873163e-05
5.62055155051e-07
5.98842064853e-07
6.76132486128e-07
8.020180121e-07
9.90401773581e-07
1.26352515888e-06
1.65617736042e-06
2.22267737722e-06
3.04860401501e-06
4.27089410033e-06
6.11309173321e-06
8.94881575622e-06
1.34194208356e-05
2.06592944613e-05
3.27429581281e-05
5.53779267202e-07
5.90365382657e-07
6.6725228448e-07
7.92528102844e-07
9.80088762807e-07
1.25216050298e-06
1.64350232946e-06
2.20837613257e-06
3.03225637205e-06
4.25189255424e-06
6.09049359527e-06
8.92107343779e-06
1.33838748073e-05
2.06111851162e-05
3.26734303282e-05
5.4759033144e-07
5.84073546828e-07
6.60746397984e-07
7.85696847186e-07
9.72822369926e-07
1.24434907181e-06
1.63503050458e-06
2.19911234004e-06
3.02203315842e-06
4.24047173145e-06
6.07750429842e-06
8.90589975966e-06
1.33654453625e-05
2.05875629898e-05
3.2640976109e-05
5.42888575616e-07
5.79385247159e-07
6.55975031112e-07
7.80772858337e-07
9.67690544447e-07
1.23896373461e-06
1.62935280899e-06
2.19310689153e-06
3.01566217058e-06
4.23368473281e-06
6.07022010452e-06
8.89797433112e-06
1.33566122434e-05
2.05773176008e-05
3.26283354428e-05
5.39636663897e-07
5.76020742733e-07
6.52523874067e-07
7.77234721577e-07
9.64058474836e-07
1.23523320306e-06
1.62552625761e-06
2.18919617612e-06
3.01169010661e-06
4.22968664955e-06
6.06624647769e-06
8.89409651176e-06
1.33529334836e-05
2.05739944415e-05
3.2625617347e-05
5.37147460984e-07
5.73511472567e-07
6.49986541029e-07
7.74668184566e-07
9.61466455698e-07
1.23262571147e-06
1.6229219419e-06
2.1866250812e-06
3.00919737803e-06
4.22733852332e-06
6.06414095605e-06
8.89238329862e-06
1.33518528118e-05
2.05739514107e-05
3.26273225509e-05
5.35266567119e-07
5.71632315247e-07
6.4810698678e-07
7.72790705964e-07
9.59598883061e-07
1.23078243859e-06
1.62112567249e-06
2.18490934385e-06
3.00761032655e-06
4.22594949987e-06
6.06305245196e-06
8.8917530654e-06
1.33519358634e-05
2.05751839337e-05
3.26305045046e-05
5.33860702814e-07
5.70231499372e-07
6.46713666087e-07
7.71410744208e-07
9.5824218545e-07
1.22946409377e-06
1.61986747123e-06
2.18374186044e-06
3.0065762493e-06
4.22510937125e-06
6.06249522801e-06
8.89161583892e-06
1.33524405359e-05
2.05767101324e-05
3.26337239885e-05
5.32803883768e-07
5.69181643579e-07
6.45674668637e-07
7.70388893024e-07
9.57246867752e-07
1.22850868248e-06
1.6189704295e-06
2.18292827915e-06
3.0058803386e-06
4.2245788527e-06
6.06219938327e-06
8.89166046371e-06
1.3352998026e-05
2.05780719006e-05
3.26364117968e-05
5.32005706039e-07
5.68390356562e-07
6.44894532565e-07
7.69625716107e-07
9.56508653034e-07
1.22780631894e-06
1.61831847328e-06
2.18234600797e-06
3.00539346957e-06
4.22422263476e-06
6.06202433076e-06
8.89174309728e-06
1.33534603075e-05
2.05791213994e-05
3.26384182603e-05
5.31400048298e-07
5.67790695739e-07
6.44304806837e-07
7.69050873367e-07
9.55955138395e-07
1.22728257037e-06
1.6178354396e-06
2.18191781407e-06
3.00503850171e-06
4.22396552673e-06
6.06189968458e-06
8.89180245689e-06
1.33537853075e-05
2.05798491484e-05
3.26397913334e-05
5.30938360441e-07
5.67333894561e-07
6.43856209107e-07
7.68614462921e-07
9.55535901982e-07
1.22688682427e-06
1.61747114137e-06
2.18159493608e-06
3.00476964183e-06
4.22376705852e-06
6.06179395128e-06
8.89182190019e-06
1.33539805803e-05
2.05803035556e-05
3.26406503026e-05
5.3058488501e-07
5.66984245197e-07
6.43513022137e-07
7.68280816852e-07
9.55215537732e-07
1.22658434403e-06
1.61719217129e-06
2.18134629557e-06
3.00455962486e-06
4.22360600379e-06
6.06169538211e-06
8.89180471979e-06
1.33540724933e-05
2.05805496564e-05
3.26411268148e-05
5.30313179371e-07
5.66715456366e-07
6.43249164626e-07
7.68024197272e-07
9.54968893637e-07
1.22635095375e-06
1.61697591578e-06
2.18115169166e-06
3.00439188479e-06
4.22347120399e-06
6.06160085282e-06
8.89175980602e-06
1.33540902731e-05
2.05806494289e-05
3.26413383672e-05
5.30103590545e-07
5.665080501e-07
6.43045436979e-07
7.67825836047e-07
9.54777862647e-07
1.22616954463e-06
1.6168067479e-06
2.18099766517e-06
3.00425611062e-06
4.22335694067e-06
6.0615114716e-06
8.89169878379e-06
1.33540611681e-05
2.0580654671e-05
3.26413795774e-05
5.29941428109e-07
5.66347499538e-07
6.42887585745e-07
7.67671896517e-07
9.54629220895e-07
1.22602777656e-06
1.61667358403e-06
2.18087490034e-06
3.00414546262e-06
4.22325985176e-06
6.06142881304e-06
8.89163034679e-06
1.33540046576e-05
2.05806039994e-05
3.26413186948e-05
5.29815644583e-07
5.6622289595e-07
6.42764939777e-07
7.67552066753e-07
9.54513173267e-07
1.22591658019e-06
1.61656835927e-06
2.18077671112e-06
3.00405514558e-06
4.22317775836e-06
6.06135439659e-06
8.89156143014e-06
1.33539360189e-05
2.05805244638e-05
3.26412052564e-05
5.29717881362e-07
5.66125992003e-07
6.42669444603e-07
7.67458582134e-07
9.54422366215e-07
1.22582916851e-06
1.61648505479e-06
2.18069811075e-06
3.00398155766e-06
4.22310893289e-06
6.06128908085e-06
8.89149657555e-06
1.33538652578e-05
2.05804350217e-05
3.26410714109e-05
5.29641777175e-07
5.66050512234e-07
6.42594974457e-07
7.67385540644e-07
9.54351211467e-07
1.22576037922e-06
1.61641907551e-06
2.1806352508e-06
3.00392182939e-06
4.22305179642e-06
6.06123301805e-06
8.89143832517e-06
1.33537983511e-05
2.05803468313e-05
3.26409369317e-05
5.29582464304e-07
5.65991653394e-07
6.42536838584e-07
7.67328418731e-07
9.54295417738e-07
1.2257062322e-06
1.61636684882e-06
2.18058508405e-06
3.00387358578e-06
4.2230048353e-06
6.06118581286e-06
8.89138777433e-06
1.33537384624e-05
2.05802660799e-05
3.26408127225e-05
5.29536199991e-07
5.65945720422e-07
6.42491424529e-07
7.67283725937e-07
9.54251662322e-07
1.22566362674e-06
1.61632556e-06
2.18054515731e-06
3.00383482389e-06
4.22296660415e-06
6.06114671277e-06
8.89134504824e-06
1.3353686863e-05
2.05801956038e-05
3.26407038676e-05
5.29500094702e-07
5.65909858339e-07
6.42455936997e-07
7.67248754483e-07
9.54217356849e-07
1.22563013045e-06
1.61629297418e-06
2.1805134789e-06
3.00380384568e-06
4.22293575329e-06
6.06111477735e-06
8.89130968315e-06
1.33536436469e-05
2.0580136151e-05
3.26406118983e-05
5.29471909633e-07
5.65881853143e-07
6.42428204364e-07
7.67221394399e-07
9.54190474586e-07
1.22560382409e-06
1.61626730588e-06
2.18048842466e-06
3.00377921425e-06
4.22291105582e-06
6.06108900458e-06
8.89128090429e-06
1.33536082434e-05
2.0580087286e-05
3.26405363367e-05
5.2944990518e-07
5.65859982867e-07
6.42406534467e-07
7.67199996466e-07
9.54169423813e-07
1.22558318911e-06
1.61624712609e-06
2.18046867013e-06
3.00375972132e-06
4.22289142269e-06
6.06106841475e-06
8.89125780591e-06
1.33535797391e-05
2.05800479172e-05
3.26404755564e-05
5.29432726734e-07
5.65842905429e-07
6.42389606032e-07
7.6718326916e-07
9.54152952417e-07
1.2255670231e-06
1.61623129163e-06
2.1804531388e-06
3.00374435935e-06
4.22287590924e-06
6.06105210226e-06
8.89123946862e-06
1.33535570934e-05
2.05800166639e-05
3.26404273955e-05
5.29419317748e-07
5.65829573194e-07
6.42376385902e-07
7.67170199768e-07
9.54140074515e-07
1.22555437337e-06
1.61621888876e-06
2.18044095887e-06
3.00373229672e-06
4.22286371255e-06
6.06103926606e-06
8.89122503761e-06
1.33535392882e-05
2.05799921362e-05
3.26403896807e-05
5.29408853235e-07
5.65819167481e-07
6.42366065513e-07
7.67159993822e-07
9.5413001394e-07
1.22554448607e-06
1.61620918894e-06
2.1804314281e-06
3.00372285336e-06
4.22285416262e-06
6.06102921931e-06
8.89121375579e-06
1.33535253967e-05
2.05799730476e-05
3.26403603968e-05
5.29400688608e-07
5.65811048242e-07
6.42358011838e-07
7.67152028035e-07
9.54122159892e-07
1.22553676553e-06
1.61620161329e-06
2.18042398381e-06
3.00371547855e-06
4.22284670895e-06
6.06102138783e-06
8.89120497996e-06
1.335351462e-05
2.05799582793e-05
3.2640337792e-05
5.29394320028e-07
5.65804714908e-07
6.42351729338e-07
7.67145813692e-07
9.54116032341e-07
1.22553074203e-06
1.6161957033e-06
2.18041817791e-06
3.00370973038e-06
4.2228409062e-06
6.06101530259e-06
8.89119818003e-06
1.33535062986e-05
2.05799469157e-05
3.26403204429e-05
5.29389353697e-07
5.65799776066e-07
6.42346830147e-07
7.6714096774e-07
9.54111254393e-07
1.22552604586e-06
1.61619109696e-06
2.18041365513e-06
3.00370525677e-06
4.22283639713e-06
6.0610105854e-06
8.89119292548e-06
1.33534998923e-05
2.05799381988e-05
3.26403071719e-05
5.29385481806e-07
5.65795925699e-07
6.42343010869e-07
7.67137190302e-07
9.54107530488e-07
1.22552238665e-06
1.61618750929e-06
2.18041013505e-06
3.00370177899e-06
4.22283289778e-06
6.06100693339e-06
8.89118887037e-06
1.3353494964e-05
2.05799315096e-05
3.26402970101e-05
5.29382463869e-07
5.65792924651e-07
6.42340034295e-07
7.67134246706e-07
9.54104629243e-07
1.22551953674e-06
1.61618471657e-06
2.18040739718e-06
3.00369907729e-06
4.22283018443e-06
6.06100410903e-06
8.8911857441e-06
1.33534911765e-05
2.05799263793e-05
3.26402892092e-05
5.29380112031e-07
5.65790586092e-07
6.42337715031e-07
7.67131953518e-07
9.54102369615e-07
1.22551731798e-06
1.61618254359e-06
2.1804052687e-06
3.00369697969e-06
4.22282808169e-06
6.06100192574e-06
8.89118333532e-06
1.33534882695e-05
2.05799224571e-05
3.26402832654e-05
5.29378279615e-07
5.65788764128e-07
6.4233590831e-07
7.67130167459e-07
9.5410061019e-07
1.22551559107e-06
1.61618085339e-06
2.18040361464e-06
3.00369535185e-06
4.222826453e-06
6.06100023926e-06
8.89118148119e-06
1.33534860407e-05
2.05799194624e-05
3.26402787499e-05
5.29376852156e-07
5.65787344909e-07
6.42334501132e-07
7.67128776638e-07
9.54099240522e-07
1.22551424735e-06
1.61617953906e-06
2.1804023297e-06
3.00369408904e-06
4.2228251921e-06
6.0609989372e-06
8.89118005413e-06
1.335348433e-05
2.05799171657e-05
3.26402752806e-05
5.29375740362e-07
5.65786239585e-07
6.42333405345e-07
7.67127693825e-07
9.54098174527e-07
1.22551320203e-06
1.61617851731e-06
2.18040133176e-06
3.00369310973e-06
4.22282421637e-06
6.0609979323e-06
8.89117895616e-06
1.33534830173e-05
2.05799154076e-05
3.2640272624e-05
5.29374874553e-07
5.65785378875e-07
6.42332552172e-07
7.67126850956e-07
9.54097345058e-07
1.22551238906e-06
1.61617772332e-06
2.18040055718e-06
3.00369235082e-06
4.2228234619e-06
6.06099715801e-06
8.89117811386e-06
1.33534820158e-05
2.05799140719e-05
3.26402706123e-05
5.29374200418e-07
5.65784708774e-07
6.42331888042e-07
7.67126195027e-07
9.54096699813e-07
1.22551175703e-06
1.6161771065e-06
2.18039995612e-06
3.00369176294e-06
4.22282287892e-06
6.06099656147e-06
8.89117746769e-06
1.33534812511e-05
2.05799130561e-05
3.26402690817e-05
5.29373675634e-07
5.65784187168e-07
6.42331371187e-07
7.67125684683e-07
9.54096197996e-07
1.22551126577e-06
1.61617662752e-06
2.18039948993e-06
3.0036913078e-06
4.22282242866e-06
6.06099610236e-06
8.89117697229e-06
1.33534806665e-05
2.05799122817e-05
3.26402679197e-05
5.29373267207e-07
5.65783781257e-07
6.4233096905e-07
7.6712528774e-07
9.54095807847e-07
1.22551088414e-06
1.61617625581e-06
2.18039912871e-06
3.00369095586e-06
4.22282208148e-06
6.06099574952e-06
8.89117659273e-06
1.3353480219e-05
2.05799116863e-05
3.26402670193e-05
5.29372949419e-07
5.65783465464e-07
6.42330656274e-07
7.67124979125e-07
9.54095504692e-07
1.22551058784e-06
1.61617596757e-06
2.18039884915e-06
3.00369068428e-06
4.2228218146e-06
6.06099547976e-06
8.89117630459e-06
1.33534798826e-05
2.05799112437e-05
3.26402663631e-05
5.29372702233e-07
5.65783219868e-07
6.42330413076e-07
7.67124739291e-07
9.54095269287e-07
1.22551035798e-06
1.61617574435e-06
2.18039863313e-06
3.00369047511e-06
4.22282161021e-06
6.06099527466e-06
8.89117608756e-06
1.33534796325e-05
2.05799109212e-05
3.26402658952e-05
5.29372510069e-07
5.65783028959e-07
6.42330224118e-07
7.67124553051e-07
9.5409508663e-07
1.22551017989e-06
1.61617557169e-06
2.18039846652e-06
3.00369031446e-06
4.22282145406e-06
6.06099511927e-06
8.89117592453e-06
1.33534794447e-05
2.0579910676e-05
3.26402655255e-05
5.29372360753e-07
5.65782880668e-07
6.42330077384e-07
7.67124408513e-07
9.54094945062e-07
1.22551004205e-06
1.6161754384e-06
2.18039833837e-06
3.00369019152e-06
4.22282133556e-06
6.06099500258e-06
8.89117580361e-06
1.33534793079e-05
2.05799104993e-05
3.26402652615e-05
5.29372244821e-07
5.6578276555e-07
6.42329963554e-07
7.67124296494e-07
9.54094835472e-07
1.22550993558e-06
1.61617533572e-06
2.18039824006e-06
3.00369009785e-06
4.22282124608e-06
6.06099491572e-06
8.89117571572e-06
1.33534792113e-05
2.05799103785e-05
3.26402650839e-05
5.29372154886e-07
5.65782676276e-07
6.42329875338e-07
7.6712420978e-07
9.54094750779e-07
1.22550985351e-06
1.61617525691e-06
2.18039816506e-06
3.00369002701e-06
4.22282117934e-06
6.06099485214e-06
8.89117565317e-06
1.33534791447e-05
2.05799102968e-05
3.26402649631e-05
5.29372085209e-07
5.65782607148e-07
6.42329807097e-07
7.67124142802e-07
9.5409468552e-07
1.22550979052e-06
1.6161751967e-06
2.1803981083e-06
3.00368997415e-06
4.22282113067e-06
6.06099480768e-06
8.89117561191e-06
1.33534791039e-05
2.05799102506e-05
3.26402649028e-05
5.29372031323e-07
5.65782553713e-07
6.42329754389e-07
7.67124091175e-07
9.54094635355e-07
1.22550974228e-06
1.61617515099e-06
2.18039806564e-06
3.00368993519e-06
4.22282109609e-06
6.06099477809e-06
8.89117558791e-06
1.3353479086e-05
2.05799102403e-05
3.26402649054e-05
5.29371989724e-07
5.6578251249e-07
6.42329713799e-07
7.67124051502e-07
9.54094596978e-07
1.22550970564e-06
1.61617511653e-06
2.180398034e-06
3.00368990707e-06
4.22282107225e-06
6.06099475935e-06
8.89117557529e-06
1.33534790807e-05
2.05799102418e-05
3.26402649036e-05
5.293719577e-07
5.65782480784e-07
6.42329682643e-07
7.67124021158e-07
9.54094567772e-07
1.22550967794e-06
1.61617509083e-06
2.18039801085e-06
3.0036898871e-06
4.22282105626e-06
6.06099474819e-06
8.89117557007e-06
1.33534790823e-05
2.05799102507e-05
3.26402649161e-05
5.29371933149e-07
5.65782456502e-07
6.42329658827e-07
7.67123998067e-07
9.54094545682e-07
1.22550965722e-06
1.61617507195e-06
2.1803979943e-06
3.00368987359e-06
4.22282104659e-06
6.06099474349e-06
8.89117557176e-06
1.33534790926e-05
2.05799102716e-05
3.26402649475e-05
5.2937191441e-07
5.65782437996e-07
6.4232964075e-07
7.67123980632e-07
9.54094529167e-07
1.22550964196e-06
1.61617505839e-06
2.18039798299e-06
3.00368986521e-06
4.22282104212e-06
6.06099474444e-06
8.89117558037e-06
1.33534791116e-05
2.05799103041e-05
3.26402649912e-05
5.29371900189e-07
5.65782423979e-07
6.42329627135e-07
7.67123967616e-07
9.54094517007e-07
1.225509631e-06
1.61617504903e-06
2.18039797581e-06
3.00368986111e-06
4.22282104222e-06
6.06099475046e-06
8.89117559503e-06
1.335347914e-05
2.05799103559e-05
3.26402650817e-05
5.293718895e-07
5.65782413486e-07
6.42329616988e-07
7.67123958023e-07
9.54094508214e-07
1.22550962334e-06
1.61617504293e-06
2.18039797188e-06
3.00368986007e-06
4.22282104533e-06
6.0609947596e-06
8.89117561334e-06
1.33534791729e-05
2.05799104113e-05
3.26402651697e-05
5.29371881557e-07
5.65782405722e-07
6.42329609558e-07
7.67123951119e-07
9.54094502089e-07
1.22550961827e-06
1.61617503938e-06
2.18039797041e-06
3.00368986151e-06
4.22282105085e-06
6.06099477091e-06
8.89117563278e-06
1.33534792037e-05
2.05799104583e-05
3.2640265238e-05
5.29371875769e-07
5.65782400099e-07
6.42329604248e-07
7.67123946311e-07
9.54094498018e-07
1.22550961527e-06
1.61617503782e-06
2.18039797091e-06
3.00368986491e-06
4.22282105828e-06
6.06099478411e-06
8.8911756543e-06
1.33534792378e-05
2.05799105117e-05
3.26402653257e-05
5.29371871644e-07
5.65782396133e-07
6.42329600582e-07
7.67123943131e-07
9.54094495536e-07
1.22550961381e-06
1.61617503782e-06
2.1803979729e-06
3.00368986974e-06
4.22282106716e-06
6.06099479882e-06
8.8911756778e-06
1.33534792743e-05
2.05799105682e-05
3.26402654135e-05
5.29371868824e-07
5.65782393463e-07
6.42329598209e-07
7.67123941244e-07
9.54094494336e-07
1.2255096136e-06
1.61617503899e-06
2.18039797608e-06
3.0036898758e-06
4.22282107737e-06
6.06099481519e-06
8.89117570315e-06
1.33534793137e-05
2.05799106309e-05
3.26402655217e-05
5.29371867016e-07
5.65782391791e-07
6.42329596838e-07
7.67123940324e-07
9.54094494119e-07
1.22550961435e-06
1.61617504118e-06
2.18039798029e-06
3.00368988288e-06
4.22282108866e-06
6.06099483251e-06
8.89117572964e-06
1.33534793532e-05
2.05799106881e-05
3.26402656065e-05
5.29371866005e-07
5.6578239092e-07
6.42329596254e-07
7.67123940188e-07
9.54094494636e-07
1.22550961587e-06
1.61617504408e-06
2.1803979852e-06
3.00368989067e-06
4.22282110068e-06
6.06099485074e-06
8.89117575673e-06
1.33534793932e-05
2.05799107458e-05
3.26402656836e-05
5.29371865603e-07
5.65782390664e-07
6.42329596271e-07
7.67123940647e-07
9.54094495794e-07
1.22550961799e-06
1.61617504757e-06
2.18039799067e-06
3.00368989902e-06
4.2228211132e-06
6.06099486954e-06
8.89117578542e-06
1.3353479438e-05
2.05799108192e-05
3.26402658098e-05
5.29371865688e-07
5.65782390862e-07
6.42329596744e-07
7.67123941583e-07
9.54094497395e-07
1.22550962053e-06
1.61617505149e-06
2.18039799654e-06
3.00368990763e-06
4.22282112576e-06
6.06099488794e-06
8.89117581245e-06
1.33534794784e-05
2.05799108818e-05
3.26402659138e-05
5.29371866149e-07
5.65782391463e-07
6.42329597617e-07
7.67123942889e-07
9.54094499351e-07
1.22550962343e-06
1.61617505572e-06
2.18039800267e-06
3.00368991649e-06
4.2228211386e-06
6.06099490669e-06
8.89117584014e-06
1.33534795197e-05
2.05799109425e-05
3.26402659965e-05
5.29371866908e-07
5.65782392362e-07
6.4232959878e-07
7.67123944477e-07
9.54094501579e-07
1.2255096266e-06
1.61617506023e-06
2.18039800913e-06
3.00368992572e-06
4.22282115202e-06
6.06099492629e-06
8.89117586912e-06
1.33534795631e-05
2.05799110081e-05
3.26402660966e-05
5.29371867893e-07
5.65782393467e-07
6.42329600151e-07
7.67123946287e-07
9.54094504034e-07
1.22550963e-06
1.61617506497e-06
2.18039801574e-06
3.00368993521e-06
4.22282116567e-06
6.06099494618e-06
8.89117589857e-06
1.33534796074e-05
2.05799110782e-05
3.26402662206e-05
5.29371869045e-07
5.65782394752e-07
6.42329601701e-07
7.67123948268e-07
9.54094506669e-07
1.22550963356e-06
1.61617506987e-06
2.18039802258e-06
3.00368994482e-06
4.22282117942e-06
6.06099496626e-06
8.89117592858e-06
1.33534796534e-05
2.05799111493e-05
3.26402663312e-05
5.2937187034e-07
5.65782396181e-07
6.42329603393e-07
7.67123950381e-07
9.540945094e-07
1.22550963721e-06
1.61617507481e-06
2.18039802942e-06
3.00368995437e-06
4.22282119303e-06
6.06099498584e-06
8.89117595758e-06
1.33534796973e-05
2.05799112163e-05
3.26402664277e-05
5.2937187174e-07
5.65782397702e-07
6.4232960516e-07
7.67123952583e-07
9.54094512229e-07
1.22550964094e-06
1.61617507985e-06
2.18039803628e-06
3.00368996385e-06
4.22282120627e-06
6.06099500484e-06
8.89117598531e-06
1.3353479739e-05
2.0579911282e-05
3.26402665357e-05
5.29371873217e-07
5.65782399295e-07
6.42329607024e-07
7.67123954866e-07
9.54094515139e-07
1.22550964476e-06
1.61617508493e-06
2.18039804316e-06
3.00368997343e-06
4.2228212196e-06
6.06099502386e-06
8.89117601307e-06
1.33534797808e-05
2.05799113479e-05
3.26402666413e-05
5.29371874757e-07
5.65782400963e-07
6.42329608952e-07
7.67123957207e-07
9.54094518108e-07
1.2255096486e-06
1.61617509009e-06
2.18039805021e-06
3.00368998313e-06
4.22282123337e-06
6.06099504368e-06
8.89117604216e-06
1.33534798247e-05
2.05799114144e-05
3.26402667369e-05
5.29371876349e-07
5.65782402673e-07
6.42329610917e-07
7.67123959582e-07
9.54094521106e-07
1.22550965251e-06
1.61617509528e-06
2.18039805727e-06
3.00368999299e-06
4.22282124729e-06
6.06099506395e-06
8.89117607226e-06
1.33534798702e-05
2.05799114831e-05
3.26402668359e-05
5.29371877985e-07
5.65782404423e-07
6.42329612921e-07
7.67123962007e-07
9.54094524157e-07
1.22550965644e-06
1.61617510053e-06
2.1803980644e-06
3.00369000285e-06
4.22282126135e-06
6.06099508426e-06
8.89117610233e-06
1.33534799149e-05
2.05799115497e-05
3.26402669366e-05
5.29371879636e-07
5.65782406196e-07
6.42329614958e-07
7.6712396446e-07
9.54094527246e-07
1.22550966047e-06
1.61617510584e-06
2.18039807159e-06
3.0036900128e-06
4.22282127545e-06
6.06099510449e-06
8.89117613206e-06
1.33534799602e-05
2.05799116219e-05
3.26402670607e-05
5.29371881321e-07
5.65782408009e-07
6.42329617028e-07
7.67123966958e-07
9.54094530365e-07
1.22550966449e-06
1.6161751112e-06
2.18039807887e-06
3.00369002283e-06
4.22282128949e-06
6.06099512465e-06
8.89117616162e-06
1.33534800052e-05
2.05799116931e-05
3.26402671761e-05
5.29371883017e-07
5.65782409832e-07
6.42329619123e-07
7.67123969463e-07
9.54094533497e-07
1.22550966854e-06
1.61617511656e-06
2.18039808612e-06
3.00369003282e-06
4.22282130357e-06
6.06099514504e-06
8.89117619166e-06
1.33534800504e-05
2.05799117649e-05
3.26402673001e-05
5.29371884737e-07
5.65782411687e-07
6.42329621224e-07
7.67123971995e-07
9.54094536668e-07
1.22550967263e-06
1.616175122e-06
2.18039809344e-06
3.00369004299e-06
4.22282131786e-06
6.06099516551e-06
8.89117622189e-06
1.33534800963e-05
2.05799118366e-05
3.26402674221e-05
5.29371886476e-07
5.65782413557e-07
6.42329623366e-07
7.67123974558e-07
9.54094539883e-07
1.22550967676e-06
1.61617512745e-06
2.18039810084e-06
3.00369005315e-06
4.22282133218e-06
6.06099518592e-06
8.89117625154e-06
1.33534801403e-05
2.0579911904e-05
3.26402675257e-05
5.2937188821e-07
5.65782415416e-07
6.42329625489e-07
7.67123977135e-07
9.54094543083e-07
1.22550968093e-06
1.61617513293e-06
2.18039810827e-06
3.00369006338e-06
4.22282134655e-06
6.06099520641e-06
8.8911762811e-06
1.33534801843e-05
2.05799119735e-05
3.26402676469e-05
5.29371889956e-07
5.65782417294e-07
6.42329627636e-07
7.67123979692e-07
9.54094546285e-07
1.22550968508e-06
1.61617513846e-06
2.18039811573e-06
3.00369007373e-06
4.22282136114e-06
6.06099522731e-06
8.89117631173e-06
1.33534802298e-05
2.05799120422e-05
3.26402677507e-05
5.29371891701e-07
5.65782419152e-07
6.42329629746e-07
7.67123982234e-07
9.54094549468e-07
1.22550968918e-06
1.6161751439e-06
2.18039812319e-06
3.00369008406e-06
4.22282137571e-06
6.06099524835e-06
8.89117634266e-06
1.33534802761e-05
2.05799121122e-05
3.2640267856e-05
5.2937189342e-07
5.65782421002e-07
6.42329631847e-07
7.67123984748e-07
9.54094552618e-07
1.22550969324e-06
1.61617514929e-06
2.18039813046e-06
3.00369009416e-06
4.22282138994e-06
6.06099526898e-06
8.89117637306e-06
1.3353480322e-05
2.05799121846e-05
3.2640267979e-05
5.29371895104e-07
5.657824228e-07
6.42329633898e-07
7.67123987206e-07
9.54094555682e-07
1.22550969718e-06
1.61617515452e-06
2.18039813754e-06
3.00369010394e-06
4.22282140382e-06
6.06099528892e-06
8.89117640251e-06
1.33534803665e-05
2.05799122531e-05
3.26402680859e-05
5.29371896712e-07
5.65782424513e-07
6.42329635842e-07
7.6712398954e-07
9.54094558602e-07
1.22550970097e-06
1.61617515952e-06
2.18039814433e-06
3.00369011337e-06
4.22282141706e-06
6.06099530792e-06
8.89117643007e-06
1.33534804072e-05
2.05799123148e-05
3.26402681815e-05
5.29371898183e-07
5.65782426089e-07
6.42329637639e-07
7.67123991703e-07
9.54094561298e-07
1.22550970445e-06
1.61617516416e-06
2.18039815068e-06
3.00369012217e-06
4.22282142969e-06
6.06099532635e-06
8.89117645769e-06
1.33534804498e-05
2.0579912383e-05
3.26402682996e-05
5.29371899407e-07
5.65782427394e-07
6.42329639127e-07
7.67123993474e-07
9.54094563535e-07
1.22550970738e-06
1.6161751681e-06
2.18039815607e-06
3.00369012984e-06
4.22282144078e-06
6.06099534275e-06
8.89117648235e-06
1.3353480487e-05
2.05799124372e-05
3.26402683731e-05
5.2937190018e-07
5.65782428235e-07
6.42329640092e-07
7.67123994646e-07
9.54094565e-07
1.22550970927e-06
1.61617517064e-06
2.1803981596e-06
3.00369013483e-06
4.22282144815e-06
6.06099535408e-06
8.89117650013e-06
1.33534805151e-05
2.05799124819e-05
3.26402684427e-05
)
;

boundaryField
{
    inlet1
    {
        type            fixedValue;
        value           uniform 4.93691e-08;
    }
    inlet2
    {
        type            fixedValue;
        value           uniform 4.93691e-08;
    }
    outlet
    {
        type            zeroGradient;
    }
    walls
    {
        Cmu             0.09;
        kappa           0.41;
        E               9.8;
        type            epsilonWallFunction;
        value           nonuniform List<scalar> 
200
(
0.000174417263056
0.000273957433312
0.000171627546574
0.000111656247855
7.64605111792e-05
5.79738086756e-05
4.74248123813e-05
4.1375926335e-05
3.77704424641e-05
3.56213140011e-05
3.43323110743e-05
3.35696343266e-05
3.31284819465e-05
3.28787873244e-05
3.27429581142e-05
3.26734303228e-05
3.26409761274e-05
3.26283354624e-05
3.26256173458e-05
3.2627322565e-05
3.26305045159e-05
3.26337239814e-05
3.26364118097e-05
3.26384182683e-05
3.26397913321e-05
3.26406502978e-05
3.26411268053e-05
3.26413383356e-05
3.26413795179e-05
3.26413186501e-05
3.26412052221e-05
3.26410713906e-05
3.26409369224e-05
3.26408126959e-05
3.26407038532e-05
3.26406119337e-05
3.26405363924e-05
3.2640475602e-05
3.26404274126e-05
3.26403896708e-05
3.26403604113e-05
3.26403378324e-05
3.26403204878e-05
3.2640307195e-05
3.26402970205e-05
3.26402892529e-05
3.2640283313e-05
3.26402787725e-05
3.26402753037e-05
3.26402726385e-05
3.26402706058e-05
3.26402690513e-05
3.26402678617e-05
3.26402669866e-05
3.26402663486e-05
3.26402658643e-05
3.26402654979e-05
3.26402652525e-05
3.26402650807e-05
3.26402649713e-05
3.26402649162e-05
3.264026489e-05
3.26402648854e-05
3.26402649212e-05
3.26402649674e-05
3.26402650089e-05
3.26402650752e-05
3.26402651508e-05
3.26402652302e-05
3.26402653111e-05
3.26402654119e-05
3.26402655148e-05
3.26402656213e-05
3.26402657256e-05
3.26402658233e-05
3.26402659275e-05
3.26402660242e-05
3.26402661183e-05
3.264026621e-05
3.26402663163e-05
3.26402664216e-05
3.26402665251e-05
3.26402666459e-05
3.26402667594e-05
3.26402668709e-05
3.2640266976e-05
3.26402670836e-05
3.26402671939e-05
3.26402672922e-05
3.2640267388e-05
3.26402675041e-05
3.26402676206e-05
3.26402677212e-05
3.26402678285e-05
3.26402679437e-05
3.26402680683e-05
3.26402681702e-05
3.26402682831e-05
3.264026839e-05
3.26402685096e-05
0.000174417263027
0.000273957433333
0.000171627546629
0.000111656247868
7.64605111316e-05
5.79738086102e-05
4.74248123439e-05
4.13759262875e-05
3.77704424308e-05
3.56213139943e-05
3.4332311072e-05
3.35696343412e-05
3.31284819481e-05
3.28787873163e-05
3.27429581281e-05
3.26734303282e-05
3.2640976109e-05
3.26283354428e-05
3.2625617347e-05
3.26273225509e-05
3.26305045046e-05
3.26337239885e-05
3.26364117968e-05
3.26384182603e-05
3.26397913334e-05
3.26406503026e-05
3.26411268148e-05
3.26413383672e-05
3.26413795774e-05
3.26413186948e-05
3.26412052564e-05
3.26410714109e-05
3.26409369317e-05
3.26408127225e-05
3.26407038676e-05
3.26406118983e-05
3.26405363367e-05
3.26404755564e-05
3.26404273955e-05
3.26403896807e-05
3.26403603968e-05
3.2640337792e-05
3.26403204429e-05
3.26403071719e-05
3.26402970101e-05
3.26402892092e-05
3.26402832654e-05
3.26402787499e-05
3.26402752806e-05
3.2640272624e-05
3.26402706123e-05
3.26402690817e-05
3.26402679197e-05
3.26402670193e-05
3.26402663631e-05
3.26402658952e-05
3.26402655255e-05
3.26402652615e-05
3.26402650839e-05
3.26402649631e-05
3.26402649028e-05
3.26402649054e-05
3.26402649036e-05
3.26402649161e-05
3.26402649475e-05
3.26402649912e-05
3.26402650817e-05
3.26402651697e-05
3.2640265238e-05
3.26402653257e-05
3.26402654135e-05
3.26402655217e-05
3.26402656065e-05
3.26402656836e-05
3.26402658098e-05
3.26402659138e-05
3.26402659965e-05
3.26402660966e-05
3.26402662206e-05
3.26402663312e-05
3.26402664277e-05
3.26402665357e-05
3.26402666413e-05
3.26402667369e-05
3.26402668359e-05
3.26402669366e-05
3.26402670607e-05
3.26402671761e-05
3.26402673001e-05
3.26402674221e-05
3.26402675257e-05
3.26402676469e-05
3.26402677507e-05
3.2640267856e-05
3.2640267979e-05
3.26402680859e-05
3.26402681815e-05
3.26402682996e-05
3.26402683731e-05
3.26402684427e-05
)
;
    }
    frontAndBack
    {
        type            empty;
    }
}


// ************************************************************************* //
