/*--------------------------------*- C++ -*----------------------------------*\
  =========                 |
  \\      /  F ield         | OpenFOAM: The Open Source CFD Toolbox
   \\    /   O peration     | Website:  https://openfoam.org
    \\  /    A nd           | Version:  dev
     \\/     M anipulation  |
\*---------------------------------------------------------------------------*/
FoamFile
{
    version     2.0;
    format      ascii;
    class       volScalarField;
    location    "0";
    object      p;
}
// * * * * * * * * * * * * * * * * * * * * * * * * * * * * * * * * * * * * * //

dimensions      [ 1 -1 -2 0 0 0 0 ];

internalField   nonuniform List<scalar> 
3000
(
99999.5295341
99999.5238381
99999.5209643
99999.5192487
99999.5179482
99999.5170162
99999.5164648
99999.5161102
99999.515833
99999.5156069
99999.5154353
99999.5153107
99999.5152226
99999.5151695
99999.515147
99998.5102572
99998.5099378
99998.5098875
99998.5096104
99998.5093
99998.5089987
99998.5086861
99998.5084013
99998.5081817
99998.5080116
99998.507883
99998.5077867
99998.5077189
99998.5076733
99998.5076472
99997.5016158
99997.5015617
99997.5016154
99997.5014499
99997.501254
99997.5010519
99997.5008456
99997.5006638
99997.5005113
99997.5003816
99997.5002747
99997.5001908
99997.5001283
99997.5000849
99997.5000635
99996.4926406
99996.4927817
99996.4929125
99996.4929315
99996.4929021
99996.4928492
99996.4927771
99996.4926965
99996.4926198
99996.4925503
99996.4924909
99996.4924426
99996.4924059
99996.492381
99996.4923685
99995.4846725
99995.4847795
99995.4848773
99995.4849083
99995.4849101
99995.4848922
99995.4848598
99995.4848192
99995.4847781
99995.4847391
99995.4847044
99995.4846752
99995.4846525
99995.484637
99995.4846291
99994.4767211
99994.4767977
99994.4768667
99994.4769024
99994.4769218
99994.4769279
99994.4769242
99994.476914
99994.4769006
99994.4768861
99994.4768721
99994.4768597
99994.4768498
99994.4768428
99994.4768393
99993.4689046
99993.4689538
99993.4689999
99993.4690277
99993.4690463
99993.4690568
99993.4690612
99993.4690612
99993.4690586
99993.4690545
99993.46905
99993.4690457
99993.4690421
99993.4690396
99993.4690382
99992.4610958
99992.4611272
99992.4611571
99992.4611776
99992.4611934
99992.4612049
99992.4612127
99992.4612179
99992.4612212
99992.4612232
99992.4612244
99992.461225
99992.4612253
99992.4612255
99992.4612255
99991.4533089
99991.4533283
99991.4533476
99991.4533618
99991.4533736
99991.4533831
99991.4533907
99991.4533966
99991.4534014
99991.4534053
99991.4534084
99991.4534108
99991.4534126
99991.4534138
99991.4534144
99990.4455224
99990.4455343
99990.4455464
99990.4455559
99990.4455644
99990.4455718
99990.4455782
99990.4455838
99990.4455887
99990.4455929
99990.4455965
99990.4455995
99990.4456018
99990.4456034
99990.4456041
99989.437738
99989.4377451
99989.4377525
99989.4377587
99989.4377646
99989.43777
99989.4377749
99989.4377794
99989.4377835
99989.4377873
99989.4377905
99989.4377933
99989.4377954
99989.437797
99989.4377975
99988.4299517
99988.4299558
99988.4299602
99988.4299642
99988.4299681
99988.4299719
99988.4299755
99988.429979
99988.4299823
99988.4299853
99988.429988
99988.4299903
99988.4299922
99988.429994
99988.4299923
99987.422164
99987.4221663
99987.4221688
99987.4221713
99987.4221739
99987.4221764
99987.422179
99987.4221815
99987.4221839
99987.4221862
99987.4221882
99987.42219
99987.4221913
99987.4221937
99987.4221905
99986.4143745
99986.4143757
99986.4143771
99986.4143786
99986.4143803
99986.4143819
99986.4143837
99986.4143854
99986.4143871
99986.4143887
99986.4143902
99986.4143915
99986.4143923
99986.4143944
99986.4143916
99985.4065837
99985.4065843
99985.406585
99985.4065859
99985.4065869
99985.4065879
99985.4065891
99985.4065903
99985.4065914
99985.4065926
99985.4065936
99985.4065945
99985.4065951
99985.4065966
99985.406595
99984.3987917
99984.3987919
99984.3987923
99984.3987927
99984.3987933
99984.398794
99984.3987948
99984.3987955
99984.3987963
99984.3987971
99984.3987978
99984.3987984
99984.3987988
99984.3987998
99984.3987991
99983.3909988
99983.3909989
99983.390999
99983.3909993
99983.3909996
99983.391
99983.3910005
99983.391001
99983.3910015
99983.391002
99983.3910025
99983.3910029
99983.3910032
99983.3910037
99983.3910032
99982.3832054
99982.3832053
99982.3832054
99982.3832055
99982.3832057
99982.3832059
99982.3832062
99982.3832065
99982.3832068
99982.3832071
99982.3832074
99982.3832077
99982.3832079
99982.3832082
99982.383208
99981.3754115
99981.3754114
99981.3754114
99981.3754115
99981.3754115
99981.3754117
99981.3754118
99981.375412
99981.3754122
99981.3754124
99981.3754126
99981.3754128
99981.3754129
99981.375413
99981.375413
99980.3676173
99980.3676173
99980.3676172
99980.3676172
99980.3676173
99980.3676173
99980.3676174
99980.3676175
99980.3676176
99980.3676177
99980.3676179
99980.367618
99980.367618
99980.3676181
99980.3676181
99979.359823
99979.3598229
99979.3598228
99979.3598228
99979.3598229
99979.3598229
99979.3598229
99979.359823
99979.359823
99979.3598231
99979.3598232
99979.3598232
99979.3598233
99979.3598233
99979.3598233
99978.3520285
99978.3520284
99978.3520284
99978.3520284
99978.3520284
99978.3520284
99978.3520284
99978.3520284
99978.3520284
99978.3520285
99978.3520285
99978.3520285
99978.3520286
99978.3520286
99978.3520285
99977.3442339
99977.3442339
99977.3442338
99977.3442338
99977.3442338
99977.3442338
99977.3442338
99977.3442338
99977.3442338
99977.3442339
99977.3442339
99977.3442339
99977.3442339
99977.3442339
99977.3442338
99976.3364393
99976.3364392
99976.3364392
99976.3364392
99976.3364392
99976.3364392
99976.3364392
99976.3364392
99976.3364392
99976.3364392
99976.3364392
99976.3364392
99976.3364392
99976.3364392
99976.3364391
99975.3286446
99975.3286446
99975.3286446
99975.3286446
99975.3286446
99975.3286446
99975.3286446
99975.3286446
99975.3286446
99975.3286446
99975.3286446
99975.3286446
99975.3286446
99975.3286446
99975.3286445
99974.32085
99974.32085
99974.32085
99974.3208499
99974.3208499
99974.3208499
99974.3208499
99974.3208499
99974.3208499
99974.3208499
99974.3208499
99974.3208499
99974.3208499
99974.3208499
99974.3208499
99973.3130553
99973.3130553
99973.3130553
99973.3130553
99973.3130553
99973.3130553
99973.3130553
99973.3130553
99973.3130553
99973.3130553
99973.3130553
99973.3130553
99973.3130553
99973.3130553
99973.3130552
99972.3052607
99972.3052606
99972.3052606
99972.3052606
99972.3052606
99972.3052606
99972.3052606
99972.3052606
99972.3052606
99972.3052606
99972.3052606
99972.3052606
99972.3052606
99972.3052606
99972.3052606
99971.297466
99971.297466
99971.297466
99971.297466
99971.297466
99971.297466
99971.297466
99971.297466
99971.297466
99971.297466
99971.297466
99971.297466
99971.297466
99971.297466
99971.2974659
99970.2896713
99970.2896713
99970.2896713
99970.2896713
99970.2896713
99970.2896713
99970.2896713
99970.2896713
99970.2896713
99970.2896713
99970.2896713
99970.2896713
99970.2896713
99970.2896713
99970.2896713
99969.2818767
99969.2818767
99969.2818767
99969.2818767
99969.2818767
99969.2818767
99969.2818767
99969.2818767
99969.2818767
99969.2818767
99969.2818767
99969.2818766
99969.2818766
99969.2818766
99969.2818766
99968.274082
99968.274082
99968.274082
99968.274082
99968.274082
99968.274082
99968.274082
99968.274082
99968.274082
99968.274082
99968.274082
99968.274082
99968.274082
99968.274082
99968.274082
99967.2662874
99967.2662873
99967.2662873
99967.2662873
99967.2662873
99967.2662873
99967.2662873
99967.2662873
99967.2662873
99967.2662873
99967.2662873
99967.2662873
99967.2662873
99967.2662873
99967.2662873
99966.2584927
99966.2584927
99966.2584927
99966.2584927
99966.2584927
99966.2584927
99966.2584927
99966.2584927
99966.2584927
99966.2584927
99966.2584927
99966.2584927
99966.2584927
99966.2584927
99966.2584927
99965.250698
99965.250698
99965.250698
99965.250698
99965.250698
99965.250698
99965.250698
99965.250698
99965.250698
99965.250698
99965.250698
99965.250698
99965.250698
99965.250698
99965.250698
99964.2429034
99964.2429034
99964.2429034
99964.2429034
99964.2429034
99964.2429034
99964.2429034
99964.2429034
99964.2429034
99964.2429034
99964.2429034
99964.2429034
99964.2429034
99964.2429034
99964.2429034
99963.2351087
99963.2351087
99963.2351087
99963.2351087
99963.2351087
99963.2351087
99963.2351087
99963.2351087
99963.2351087
99963.2351087
99963.2351087
99963.2351087
99963.2351087
99963.2351087
99963.2351087
99962.2273141
99962.2273141
99962.2273141
99962.2273141
99962.2273141
99962.2273141
99962.2273141
99962.2273141
99962.2273141
99962.2273141
99962.2273141
99962.2273141
99962.2273141
99962.2273141
99962.2273141
99961.2195194
99961.2195194
99961.2195194
99961.2195194
99961.2195194
99961.2195194
99961.2195194
99961.2195194
99961.2195194
99961.2195194
99961.2195194
99961.2195194
99961.2195194
99961.2195194
99961.2195194
99960.2117248
99960.2117248
99960.2117248
99960.2117248
99960.2117248
99960.2117248
99960.2117248
99960.2117248
99960.2117248
99960.2117248
99960.2117248
99960.2117248
99960.2117248
99960.2117248
99960.2117248
99959.2039302
99959.2039302
99959.2039302
99959.2039302
99959.2039302
99959.2039302
99959.2039302
99959.2039302
99959.2039302
99959.2039302
99959.2039302
99959.2039302
99959.2039302
99959.2039302
99959.2039302
99958.1961355
99958.1961355
99958.1961355
99958.1961355
99958.1961355
99958.1961355
99958.1961355
99958.1961355
99958.1961355
99958.1961355
99958.1961355
99958.1961355
99958.1961355
99958.1961355
99958.1961355
99957.1883409
99957.1883409
99957.1883409
99957.1883409
99957.1883409
99957.1883409
99957.1883409
99957.1883409
99957.1883409
99957.1883409
99957.1883409
99957.1883409
99957.1883409
99957.1883409
99957.1883409
99956.1805462
99956.1805462
99956.1805462
99956.1805462
99956.1805462
99956.1805462
99956.1805462
99956.1805462
99956.1805462
99956.1805462
99956.1805462
99956.1805462
99956.1805462
99956.1805462
99956.1805462
99955.1727516
99955.1727516
99955.1727516
99955.1727516
99955.1727516
99955.1727516
99955.1727516
99955.1727516
99955.1727516
99955.1727516
99955.1727516
99955.1727516
99955.1727516
99955.1727516
99955.1727516
99954.164957
99954.164957
99954.164957
99954.164957
99954.164957
99954.164957
99954.164957
99954.164957
99954.164957
99954.164957
99954.164957
99954.164957
99954.164957
99954.164957
99954.164957
99953.1571623
99953.1571623
99953.1571623
99953.1571623
99953.1571623
99953.1571623
99953.1571623
99953.1571623
99953.1571623
99953.1571623
99953.1571623
99953.1571623
99953.1571623
99953.1571623
99953.1571623
99952.1493677
99952.1493677
99952.1493677
99952.1493677
99952.1493677
99952.1493677
99952.1493677
99952.1493677
99952.1493677
99952.1493677
99952.1493677
99952.1493677
99952.1493677
99952.1493677
99952.1493677
99951.141573
99951.141573
99951.141573
99951.141573
99951.141573
99951.141573
99951.141573
99951.141573
99951.141573
99951.141573
99951.141573
99951.141573
99951.141573
99951.141573
99951.141573
99950.1337784
99950.1337784
99950.1337784
99950.1337784
99950.1337784
99950.1337784
99950.1337784
99950.1337784
99950.1337784
99950.1337784
99950.1337784
99950.1337784
99950.1337784
99950.1337784
99950.1337784
99949.1259838
99949.1259838
99949.1259838
99949.1259838
99949.1259838
99949.1259838
99949.1259838
99949.1259838
99949.1259838
99949.1259838
99949.1259838
99949.1259838
99949.1259838
99949.1259838
99949.1259838
99948.1181891
99948.1181891
99948.1181891
99948.1181891
99948.1181891
99948.1181891
99948.1181891
99948.1181891
99948.1181891
99948.1181891
99948.1181891
99948.1181891
99948.1181891
99948.1181891
99948.1181891
99947.1103945
99947.1103945
99947.1103945
99947.1103945
99947.1103945
99947.1103945
99947.1103945
99947.1103945
99947.1103945
99947.1103945
99947.1103945
99947.1103945
99947.1103945
99947.1103945
99947.1103945
99946.1025999
99946.1025999
99946.1025999
99946.1025999
99946.1025999
99946.1025999
99946.1025999
99946.1025999
99946.1025999
99946.1025999
99946.1025999
99946.1025999
99946.1025999
99946.1025999
99946.1025999
99945.0948053
99945.0948053
99945.0948053
99945.0948053
99945.0948053
99945.0948053
99945.0948053
99945.0948053
99945.0948053
99945.0948053
99945.0948053
99945.0948053
99945.0948053
99945.0948053
99945.0948053
99944.0870106
99944.0870106
99944.0870106
99944.0870106
99944.0870106
99944.0870106
99944.0870106
99944.0870106
99944.0870106
99944.0870106
99944.0870106
99944.0870106
99944.0870106
99944.0870106
99944.0870106
99943.079216
99943.079216
99943.079216
99943.079216
99943.079216
99943.079216
99943.079216
99943.079216
99943.079216
99943.079216
99943.079216
99943.079216
99943.079216
99943.079216
99943.079216
99942.0714214
99942.0714214
99942.0714214
99942.0714214
99942.0714214
99942.0714214
99942.0714214
99942.0714214
99942.0714214
99942.0714214
99942.0714214
99942.0714214
99942.0714214
99942.0714214
99942.0714214
99941.0636268
99941.0636268
99941.0636268
99941.0636268
99941.0636268
99941.0636268
99941.0636268
99941.0636268
99941.0636268
99941.0636268
99941.0636268
99941.0636268
99941.0636268
99941.0636268
99941.0636268
99940.0558321
99940.0558321
99940.0558321
99940.0558321
99940.0558321
99940.0558321
99940.0558321
99940.0558321
99940.0558321
99940.0558321
99940.0558321
99940.0558321
99940.0558321
99940.0558321
99940.0558321
99939.0480375
99939.0480375
99939.0480375
99939.0480375
99939.0480375
99939.0480375
99939.0480375
99939.0480375
99939.0480375
99939.0480375
99939.0480375
99939.0480375
99939.0480375
99939.0480375
99939.0480375
99938.0402429
99938.0402429
99938.0402429
99938.0402429
99938.0402429
99938.0402429
99938.0402429
99938.0402429
99938.0402429
99938.0402429
99938.0402429
99938.0402429
99938.0402429
99938.0402429
99938.0402429
99937.0324483
99937.0324483
99937.0324483
99937.0324483
99937.0324483
99937.0324483
99937.0324483
99937.0324483
99937.0324483
99937.0324483
99937.0324483
99937.0324483
99937.0324483
99937.0324483
99937.0324483
99936.0246536
99936.0246536
99936.0246536
99936.0246536
99936.0246536
99936.0246536
99936.0246536
99936.0246536
99936.0246536
99936.0246536
99936.0246536
99936.0246536
99936.0246536
99936.0246536
99936.0246536
99935.016859
99935.016859
99935.016859
99935.016859
99935.016859
99935.016859
99935.016859
99935.016859
99935.016859
99935.016859
99935.016859
99935.016859
99935.016859
99935.016859
99935.016859
99934.0090644
99934.0090644
99934.0090644
99934.0090644
99934.0090644
99934.0090644
99934.0090644
99934.0090644
99934.0090644
99934.0090644
99934.0090644
99934.0090644
99934.0090644
99934.0090644
99934.0090644
99933.0012698
99933.0012698
99933.0012698
99933.0012698
99933.0012698
99933.0012698
99933.0012698
99933.0012698
99933.0012698
99933.0012698
99933.0012698
99933.0012698
99933.0012698
99933.0012698
99933.0012698
99931.9934752
99931.9934752
99931.9934752
99931.9934752
99931.9934752
99931.9934752
99931.9934752
99931.9934752
99931.9934752
99931.9934752
99931.9934752
99931.9934752
99931.9934752
99931.9934752
99931.9934752
99930.9856806
99930.9856806
99930.9856806
99930.9856806
99930.9856806
99930.9856806
99930.9856806
99930.9856806
99930.9856806
99930.9856806
99930.9856806
99930.9856806
99930.9856806
99930.9856806
99930.9856806
99929.977886
99929.977886
99929.977886
99929.977886
99929.977886
99929.977886
99929.977886
99929.977886
99929.977886
99929.977886
99929.977886
99929.977886
99929.977886
99929.977886
99929.977886
99928.9700913
99928.9700913
99928.9700913
99928.9700913
99928.9700913
99928.9700913
99928.9700913
99928.9700913
99928.9700913
99928.9700913
99928.9700913
99928.9700913
99928.9700913
99928.9700913
99928.9700913
99927.9622967
99927.9622967
99927.9622967
99927.9622967
99927.9622967
99927.9622967
99927.9622967
99927.9622967
99927.9622967
99927.9622967
99927.9622967
99927.9622967
99927.9622967
99927.9622967
99927.9622967
99926.9545021
99926.9545021
99926.9545021
99926.9545021
99926.9545021
99926.9545021
99926.9545021
99926.9545021
99926.9545021
99926.9545021
99926.9545021
99926.9545021
99926.9545021
99926.9545021
99926.9545021
99925.9467075
99925.9467075
99925.9467075
99925.9467075
99925.9467075
99925.9467075
99925.9467075
99925.9467075
99925.9467075
99925.9467075
99925.9467075
99925.9467075
99925.9467075
99925.9467075
99925.9467075
99924.9389129
99924.9389129
99924.9389129
99924.9389129
99924.9389129
99924.9389129
99924.9389129
99924.9389129
99924.9389129
99924.9389129
99924.9389129
99924.9389129
99924.9389129
99924.9389129
99924.9389129
99923.9311183
99923.9311183
99923.9311183
99923.9311183
99923.9311183
99923.9311183
99923.9311183
99923.9311183
99923.9311183
99923.9311183
99923.9311183
99923.9311183
99923.9311183
99923.9311183
99923.9311183
99922.9233237
99922.9233237
99922.9233237
99922.9233237
99922.9233237
99922.9233237
99922.9233237
99922.9233237
99922.9233237
99922.9233237
99922.9233237
99922.9233237
99922.9233237
99922.9233237
99922.9233237
99921.9155291
99921.9155291
99921.9155291
99921.9155291
99921.9155291
99921.9155291
99921.9155291
99921.9155291
99921.9155291
99921.9155291
99921.9155291
99921.9155291
99921.9155291
99921.9155291
99921.9155291
99920.9077345
99920.9077345
99920.9077345
99920.9077345
99920.9077345
99920.9077345
99920.9077345
99920.9077345
99920.9077345
99920.9077345
99920.9077345
99920.9077345
99920.9077345
99920.9077345
99920.9077345
99919.8999399
99919.8999399
99919.8999399
99919.8999399
99919.8999399
99919.8999399
99919.8999399
99919.8999399
99919.8999399
99919.8999399
99919.8999399
99919.8999399
99919.8999399
99919.8999399
99919.8999399
99918.8921453
99918.8921453
99918.8921453
99918.8921453
99918.8921453
99918.8921453
99918.8921453
99918.8921453
99918.8921453
99918.8921453
99918.8921453
99918.8921453
99918.8921453
99918.8921453
99918.8921453
99917.8843507
99917.8843507
99917.8843507
99917.8843507
99917.8843507
99917.8843507
99917.8843507
99917.8843507
99917.8843507
99917.8843507
99917.8843507
99917.8843507
99917.8843507
99917.8843507
99917.8843507
99916.8765561
99916.8765561
99916.8765561
99916.8765561
99916.8765561
99916.8765561
99916.8765561
99916.8765561
99916.8765561
99916.8765561
99916.8765561
99916.8765561
99916.8765561
99916.8765561
99916.8765561
99915.8687615
99915.8687615
99915.8687615
99915.8687615
99915.8687615
99915.8687615
99915.8687615
99915.8687615
99915.8687615
99915.8687615
99915.8687615
99915.8687615
99915.8687615
99915.8687615
99915.8687615
99914.8609669
99914.8609669
99914.8609669
99914.8609669
99914.8609669
99914.8609669
99914.8609669
99914.8609669
99914.8609669
99914.8609669
99914.8609669
99914.8609669
99914.8609669
99914.8609669
99914.8609669
99913.8531723
99913.8531723
99913.8531723
99913.8531723
99913.8531723
99913.8531723
99913.8531723
99913.8531723
99913.8531723
99913.8531723
99913.8531723
99913.8531723
99913.8531723
99913.8531723
99913.8531723
99912.8453777
99912.8453777
99912.8453777
99912.8453777
99912.8453777
99912.8453777
99912.8453777
99912.8453777
99912.8453777
99912.8453777
99912.8453777
99912.8453777
99912.8453777
99912.8453777
99912.8453777
99911.8375831
99911.8375831
99911.8375831
99911.8375831
99911.8375831
99911.8375831
99911.8375831
99911.8375831
99911.8375831
99911.8375831
99911.8375831
99911.8375831
99911.8375831
99911.8375831
99911.8375831
99910.8297885
99910.8297885
99910.8297885
99910.8297885
99910.8297885
99910.8297885
99910.8297885
99910.8297885
99910.8297885
99910.8297885
99910.8297885
99910.8297885
99910.8297885
99910.8297885
99910.8297885
99909.821994
99909.821994
99909.821994
99909.821994
99909.821994
99909.821994
99909.821994
99909.821994
99909.821994
99909.821994
99909.821994
99909.821994
99909.821994
99909.821994
99909.821994
99908.8141994
99908.8141994
99908.8141994
99908.8141994
99908.8141994
99908.8141994
99908.8141994
99908.8141994
99908.8141994
99908.8141994
99908.8141994
99908.8141994
99908.8141994
99908.8141994
99908.8141994
99907.8064048
99907.8064048
99907.8064048
99907.8064048
99907.8064048
99907.8064048
99907.8064048
99907.8064048
99907.8064048
99907.8064048
99907.8064048
99907.8064048
99907.8064048
99907.8064048
99907.8064048
99906.7986102
99906.7986102
99906.7986102
99906.7986102
99906.7986102
99906.7986102
99906.7986102
99906.7986102
99906.7986102
99906.7986102
99906.7986102
99906.7986102
99906.7986102
99906.7986102
99906.7986102
99905.7908156
99905.7908156
99905.7908156
99905.7908156
99905.7908156
99905.7908156
99905.7908156
99905.7908156
99905.7908156
99905.7908156
99905.7908156
99905.7908156
99905.7908156
99905.7908156
99905.7908156
99904.783021
99904.783021
99904.783021
99904.783021
99904.783021
99904.783021
99904.783021
99904.783021
99904.783021
99904.783021
99904.783021
99904.783021
99904.783021
99904.783021
99904.783021
99903.7752264
99903.7752264
99903.7752264
99903.7752264
99903.7752264
99903.7752264
99903.7752264
99903.7752264
99903.7752264
99903.7752264
99903.7752264
99903.7752264
99903.7752264
99903.7752264
99903.7752264
99902.7674319
99902.7674319
99902.7674319
99902.7674319
99902.7674319
99902.7674319
99902.7674319
99902.7674319
99902.7674319
99902.7674319
99902.7674319
99902.7674319
99902.7674319
99902.7674319
99902.7674319
99901.7596373
99901.7596373
99901.7596373
99901.7596373
99901.7596373
99901.7596373
99901.7596373
99901.7596373
99901.7596373
99901.7596373
99901.7596373
99901.7596373
99901.7596373
99901.7596373
99901.7596373
99900.7518427
99900.7518427
99900.7518427
99900.7518427
99900.7518427
99900.7518427
99900.7518427
99900.7518427
99900.7518427
99900.7518427
99900.7518427
99900.7518427
99900.7518427
99900.7518427
99900.7518427
99899.7440481
99899.7440481
99899.7440481
99899.7440481
99899.7440481
99899.7440481
99899.7440481
99899.7440481
99899.7440481
99899.7440481
99899.7440481
99899.7440481
99899.7440481
99899.7440481
99899.7440481
99999.515147
99999.5151695
99999.5152226
99999.5153107
99999.5154353
99999.5156069
99999.515833
99999.5161102
99999.5164648
99999.5170162
99999.5179482
99999.5192487
99999.5209643
99999.5238381
99999.5295341
99998.5076472
99998.5076733
99998.5077189
99998.5077867
99998.507883
99998.5080116
99998.5081817
99998.5084013
99998.5086861
99998.5089987
99998.5093
99998.5096104
99998.5098875
99998.5099378
99998.5102572
99997.5000635
99997.5000849
99997.5001283
99997.5001908
99997.5002747
99997.5003816
99997.5005113
99997.5006638
99997.5008456
99997.5010519
99997.501254
99997.5014499
99997.5016154
99997.5015617
99997.5016158
99996.4923685
99996.492381
99996.4924059
99996.4924426
99996.4924909
99996.4925503
99996.4926198
99996.4926965
99996.4927771
99996.4928492
99996.4929021
99996.4929315
99996.4929125
99996.4927817
99996.4926406
99995.4846291
99995.484637
99995.4846525
99995.4846752
99995.4847044
99995.4847391
99995.4847781
99995.4848192
99995.4848598
99995.4848922
99995.4849101
99995.4849083
99995.4848773
99995.4847795
99995.4846725
99994.4768393
99994.4768428
99994.4768498
99994.4768597
99994.4768721
99994.4768861
99994.4769006
99994.476914
99994.4769242
99994.4769279
99994.4769218
99994.4769024
99994.4768667
99994.4767977
99994.4767211
99993.4690382
99993.4690396
99993.4690421
99993.4690457
99993.46905
99993.4690545
99993.4690586
99993.4690612
99993.4690612
99993.4690568
99993.4690463
99993.4690277
99993.4689999
99993.4689538
99993.4689046
99992.4612255
99992.4612255
99992.4612253
99992.461225
99992.4612244
99992.4612232
99992.4612212
99992.4612179
99992.4612127
99992.4612049
99992.4611934
99992.4611776
99992.4611571
99992.4611272
99992.4610958
99991.4534144
99991.4534138
99991.4534126
99991.4534108
99991.4534084
99991.4534053
99991.4534014
99991.4533966
99991.4533907
99991.4533831
99991.4533736
99991.4533618
99991.4533476
99991.4533283
99991.4533089
99990.4456041
99990.4456034
99990.4456018
99990.4455995
99990.4455965
99990.4455929
99990.4455887
99990.4455838
99990.4455782
99990.4455718
99990.4455644
99990.4455559
99990.4455464
99990.4455343
99990.4455224
99989.4377975
99989.437797
99989.4377954
99989.4377933
99989.4377905
99989.4377873
99989.4377835
99989.4377794
99989.4377749
99989.43777
99989.4377646
99989.4377587
99989.4377525
99989.4377451
99989.437738
99988.4299923
99988.429994
99988.4299922
99988.4299903
99988.429988
99988.4299853
99988.4299823
99988.429979
99988.4299755
99988.4299719
99988.4299681
99988.4299642
99988.4299602
99988.4299558
99988.4299517
99987.4221905
99987.4221937
99987.4221913
99987.42219
99987.4221882
99987.4221862
99987.4221839
99987.4221815
99987.422179
99987.4221764
99987.4221739
99987.4221713
99987.4221688
99987.4221663
99987.422164
99986.4143916
99986.4143944
99986.4143923
99986.4143915
99986.4143902
99986.4143887
99986.4143871
99986.4143854
99986.4143837
99986.4143819
99986.4143803
99986.4143786
99986.4143771
99986.4143757
99986.4143745
99985.406595
99985.4065966
99985.4065951
99985.4065945
99985.4065936
99985.4065926
99985.4065914
99985.4065903
99985.4065891
99985.4065879
99985.4065869
99985.4065859
99985.406585
99985.4065843
99985.4065837
99984.3987991
99984.3987998
99984.3987988
99984.3987984
99984.3987978
99984.3987971
99984.3987963
99984.3987955
99984.3987948
99984.398794
99984.3987933
99984.3987927
99984.3987923
99984.3987919
99984.3987917
99983.3910032
99983.3910037
99983.3910032
99983.3910029
99983.3910025
99983.391002
99983.3910015
99983.391001
99983.3910005
99983.391
99983.3909996
99983.3909993
99983.390999
99983.3909989
99983.3909988
99982.383208
99982.3832082
99982.3832079
99982.3832077
99982.3832074
99982.3832071
99982.3832068
99982.3832065
99982.3832062
99982.3832059
99982.3832057
99982.3832055
99982.3832054
99982.3832053
99982.3832054
99981.375413
99981.375413
99981.3754129
99981.3754128
99981.3754126
99981.3754124
99981.3754122
99981.375412
99981.3754118
99981.3754117
99981.3754115
99981.3754115
99981.3754114
99981.3754114
99981.3754115
99980.3676181
99980.3676181
99980.367618
99980.367618
99980.3676179
99980.3676177
99980.3676176
99980.3676175
99980.3676174
99980.3676173
99980.3676173
99980.3676172
99980.3676172
99980.3676173
99980.3676173
99979.3598233
99979.3598233
99979.3598233
99979.3598232
99979.3598232
99979.3598231
99979.359823
99979.359823
99979.3598229
99979.3598229
99979.3598229
99979.3598228
99979.3598228
99979.3598229
99979.359823
99978.3520285
99978.3520286
99978.3520286
99978.3520285
99978.3520285
99978.3520285
99978.3520284
99978.3520284
99978.3520284
99978.3520284
99978.3520284
99978.3520284
99978.3520284
99978.3520284
99978.3520285
99977.3442338
99977.3442339
99977.3442339
99977.3442339
99977.3442339
99977.3442339
99977.3442338
99977.3442338
99977.3442338
99977.3442338
99977.3442338
99977.3442338
99977.3442338
99977.3442339
99977.3442339
99976.3364391
99976.3364392
99976.3364392
99976.3364392
99976.3364392
99976.3364392
99976.3364392
99976.3364392
99976.3364392
99976.3364392
99976.3364392
99976.3364392
99976.3364392
99976.3364392
99976.3364393
99975.3286445
99975.3286446
99975.3286446
99975.3286446
99975.3286446
99975.3286446
99975.3286446
99975.3286446
99975.3286446
99975.3286446
99975.3286446
99975.3286446
99975.3286446
99975.3286446
99975.3286446
99974.3208499
99974.3208499
99974.3208499
99974.3208499
99974.3208499
99974.3208499
99974.3208499
99974.3208499
99974.3208499
99974.3208499
99974.3208499
99974.3208499
99974.32085
99974.32085
99974.32085
99973.3130552
99973.3130553
99973.3130553
99973.3130553
99973.3130553
99973.3130553
99973.3130553
99973.3130553
99973.3130553
99973.3130553
99973.3130553
99973.3130553
99973.3130553
99973.3130553
99973.3130553
99972.3052606
99972.3052606
99972.3052606
99972.3052606
99972.3052606
99972.3052606
99972.3052606
99972.3052606
99972.3052606
99972.3052606
99972.3052606
99972.3052606
99972.3052606
99972.3052606
99972.3052607
99971.2974659
99971.297466
99971.297466
99971.297466
99971.297466
99971.297466
99971.297466
99971.297466
99971.297466
99971.297466
99971.297466
99971.297466
99971.297466
99971.297466
99971.297466
99970.2896713
99970.2896713
99970.2896713
99970.2896713
99970.2896713
99970.2896713
99970.2896713
99970.2896713
99970.2896713
99970.2896713
99970.2896713
99970.2896713
99970.2896713
99970.2896713
99970.2896713
99969.2818766
99969.2818766
99969.2818766
99969.2818766
99969.2818767
99969.2818767
99969.2818767
99969.2818767
99969.2818767
99969.2818767
99969.2818767
99969.2818767
99969.2818767
99969.2818767
99969.2818767
99968.274082
99968.274082
99968.274082
99968.274082
99968.274082
99968.274082
99968.274082
99968.274082
99968.274082
99968.274082
99968.274082
99968.274082
99968.274082
99968.274082
99968.274082
99967.2662873
99967.2662873
99967.2662873
99967.2662873
99967.2662873
99967.2662873
99967.2662873
99967.2662873
99967.2662873
99967.2662873
99967.2662873
99967.2662873
99967.2662873
99967.2662874
99967.2662874
99966.2584927
99966.2584927
99966.2584927
99966.2584927
99966.2584927
99966.2584927
99966.2584927
99966.2584927
99966.2584927
99966.2584927
99966.2584927
99966.2584927
99966.2584927
99966.2584927
99966.2584927
99965.250698
99965.250698
99965.250698
99965.250698
99965.250698
99965.250698
99965.250698
99965.250698
99965.250698
99965.250698
99965.250698
99965.250698
99965.250698
99965.250698
99965.250698
99964.2429034
99964.2429034
99964.2429034
99964.2429034
99964.2429034
99964.2429034
99964.2429034
99964.2429034
99964.2429034
99964.2429034
99964.2429034
99964.2429034
99964.2429034
99964.2429034
99964.2429034
99963.2351087
99963.2351087
99963.2351087
99963.2351087
99963.2351087
99963.2351087
99963.2351087
99963.2351087
99963.2351087
99963.2351087
99963.2351087
99963.2351087
99963.2351087
99963.2351087
99963.2351087
99962.2273141
99962.2273141
99962.2273141
99962.2273141
99962.2273141
99962.2273141
99962.2273141
99962.2273141
99962.2273141
99962.2273141
99962.2273141
99962.2273141
99962.2273141
99962.2273141
99962.2273141
99961.2195194
99961.2195194
99961.2195194
99961.2195194
99961.2195194
99961.2195194
99961.2195194
99961.2195194
99961.2195194
99961.2195194
99961.2195194
99961.2195194
99961.2195194
99961.2195194
99961.2195194
99960.2117248
99960.2117248
99960.2117248
99960.2117248
99960.2117248
99960.2117248
99960.2117248
99960.2117248
99960.2117248
99960.2117248
99960.2117248
99960.2117248
99960.2117248
99960.2117248
99960.2117248
99959.2039302
99959.2039302
99959.2039302
99959.2039302
99959.2039302
99959.2039302
99959.2039302
99959.2039302
99959.2039302
99959.2039302
99959.2039302
99959.2039302
99959.2039302
99959.2039302
99959.2039302
99958.1961355
99958.1961355
99958.1961355
99958.1961355
99958.1961355
99958.1961355
99958.1961355
99958.1961355
99958.1961355
99958.1961355
99958.1961355
99958.1961355
99958.1961355
99958.1961355
99958.1961355
99957.1883409
99957.1883409
99957.1883409
99957.1883409
99957.1883409
99957.1883409
99957.1883409
99957.1883409
99957.1883409
99957.1883409
99957.1883409
99957.1883409
99957.1883409
99957.1883409
99957.1883409
99956.1805462
99956.1805462
99956.1805462
99956.1805462
99956.1805462
99956.1805462
99956.1805462
99956.1805462
99956.1805462
99956.1805462
99956.1805462
99956.1805462
99956.1805462
99956.1805462
99956.1805462
99955.1727516
99955.1727516
99955.1727516
99955.1727516
99955.1727516
99955.1727516
99955.1727516
99955.1727516
99955.1727516
99955.1727516
99955.1727516
99955.1727516
99955.1727516
99955.1727516
99955.1727516
99954.164957
99954.164957
99954.164957
99954.164957
99954.164957
99954.164957
99954.164957
99954.164957
99954.164957
99954.164957
99954.164957
99954.164957
99954.164957
99954.164957
99954.164957
99953.1571623
99953.1571623
99953.1571623
99953.1571623
99953.1571623
99953.1571623
99953.1571623
99953.1571623
99953.1571623
99953.1571623
99953.1571623
99953.1571623
99953.1571623
99953.1571623
99953.1571623
99952.1493677
99952.1493677
99952.1493677
99952.1493677
99952.1493677
99952.1493677
99952.1493677
99952.1493677
99952.1493677
99952.1493677
99952.1493677
99952.1493677
99952.1493677
99952.1493677
99952.1493677
99951.141573
99951.141573
99951.141573
99951.141573
99951.141573
99951.141573
99951.141573
99951.141573
99951.141573
99951.141573
99951.141573
99951.141573
99951.141573
99951.141573
99951.141573
99950.1337784
99950.1337784
99950.1337784
99950.1337784
99950.1337784
99950.1337784
99950.1337784
99950.1337784
99950.1337784
99950.1337784
99950.1337784
99950.1337784
99950.1337784
99950.1337784
99950.1337784
99949.1259838
99949.1259838
99949.1259838
99949.1259838
99949.1259838
99949.1259838
99949.1259838
99949.1259838
99949.1259838
99949.1259838
99949.1259838
99949.1259838
99949.1259838
99949.1259838
99949.1259838
99948.1181891
99948.1181891
99948.1181891
99948.1181891
99948.1181891
99948.1181891
99948.1181891
99948.1181891
99948.1181891
99948.1181891
99948.1181891
99948.1181891
99948.1181891
99948.1181891
99948.1181891
99947.1103945
99947.1103945
99947.1103945
99947.1103945
99947.1103945
99947.1103945
99947.1103945
99947.1103945
99947.1103945
99947.1103945
99947.1103945
99947.1103945
99947.1103945
99947.1103945
99947.1103945
99946.1025999
99946.1025999
99946.1025999
99946.1025999
99946.1025999
99946.1025999
99946.1025999
99946.1025999
99946.1025999
99946.1025999
99946.1025999
99946.1025999
99946.1025999
99946.1025999
99946.1025999
99945.0948053
99945.0948053
99945.0948053
99945.0948053
99945.0948053
99945.0948053
99945.0948053
99945.0948053
99945.0948053
99945.0948053
99945.0948053
99945.0948053
99945.0948053
99945.0948053
99945.0948053
99944.0870106
99944.0870106
99944.0870106
99944.0870106
99944.0870106
99944.0870106
99944.0870106
99944.0870106
99944.0870106
99944.0870106
99944.0870106
99944.0870106
99944.0870106
99944.0870106
99944.0870106
99943.079216
99943.079216
99943.079216
99943.079216
99943.079216
99943.079216
99943.079216
99943.079216
99943.079216
99943.079216
99943.079216
99943.079216
99943.079216
99943.079216
99943.079216
99942.0714214
99942.0714214
99942.0714214
99942.0714214
99942.0714214
99942.0714214
99942.0714214
99942.0714214
99942.0714214
99942.0714214
99942.0714214
99942.0714214
99942.0714214
99942.0714214
99942.0714214
99941.0636268
99941.0636268
99941.0636268
99941.0636268
99941.0636268
99941.0636268
99941.0636268
99941.0636268
99941.0636268
99941.0636268
99941.0636268
99941.0636268
99941.0636268
99941.0636268
99941.0636268
99940.0558321
99940.0558321
99940.0558321
99940.0558321
99940.0558321
99940.0558321
99940.0558321
99940.0558321
99940.0558321
99940.0558321
99940.0558321
99940.0558321
99940.0558321
99940.0558321
99940.0558321
99939.0480375
99939.0480375
99939.0480375
99939.0480375
99939.0480375
99939.0480375
99939.0480375
99939.0480375
99939.0480375
99939.0480375
99939.0480375
99939.0480375
99939.0480375
99939.0480375
99939.0480375
99938.0402429
99938.0402429
99938.0402429
99938.0402429
99938.0402429
99938.0402429
99938.0402429
99938.0402429
99938.0402429
99938.0402429
99938.0402429
99938.0402429
99938.0402429
99938.0402429
99938.0402429
99937.0324483
99937.0324483
99937.0324483
99937.0324483
99937.0324483
99937.0324483
99937.0324483
99937.0324483
99937.0324483
99937.0324483
99937.0324483
99937.0324483
99937.0324483
99937.0324483
99937.0324483
99936.0246536
99936.0246536
99936.0246536
99936.0246536
99936.0246536
99936.0246536
99936.0246536
99936.0246536
99936.0246536
99936.0246536
99936.0246536
99936.0246536
99936.0246536
99936.0246536
99936.0246536
99935.016859
99935.016859
99935.016859
99935.016859
99935.016859
99935.016859
99935.016859
99935.016859
99935.016859
99935.016859
99935.016859
99935.016859
99935.016859
99935.016859
99935.016859
99934.0090644
99934.0090644
99934.0090644
99934.0090644
99934.0090644
99934.0090644
99934.0090644
99934.0090644
99934.0090644
99934.0090644
99934.0090644
99934.0090644
99934.0090644
99934.0090644
99934.0090644
99933.0012698
99933.0012698
99933.0012698
99933.0012698
99933.0012698
99933.0012698
99933.0012698
99933.0012698
99933.0012698
99933.0012698
99933.0012698
99933.0012698
99933.0012698
99933.0012698
99933.0012698
99931.9934752
99931.9934752
99931.9934752
99931.9934752
99931.9934752
99931.9934752
99931.9934752
99931.9934752
99931.9934752
99931.9934752
99931.9934752
99931.9934752
99931.9934752
99931.9934752
99931.9934752
99930.9856806
99930.9856806
99930.9856806
99930.9856806
99930.9856806
99930.9856806
99930.9856806
99930.9856806
99930.9856806
99930.9856806
99930.9856806
99930.9856806
99930.9856806
99930.9856806
99930.9856806
99929.977886
99929.977886
99929.977886
99929.977886
99929.977886
99929.977886
99929.977886
99929.977886
99929.977886
99929.977886
99929.977886
99929.977886
99929.977886
99929.977886
99929.977886
99928.9700913
99928.9700913
99928.9700913
99928.9700913
99928.9700913
99928.9700913
99928.9700913
99928.9700913
99928.9700913
99928.9700913
99928.9700913
99928.9700913
99928.9700913
99928.9700913
99928.9700913
99927.9622967
99927.9622967
99927.9622967
99927.9622967
99927.9622967
99927.9622967
99927.9622967
99927.9622967
99927.9622967
99927.9622967
99927.9622967
99927.9622967
99927.9622967
99927.9622967
99927.9622967
99926.9545021
99926.9545021
99926.9545021
99926.9545021
99926.9545021
99926.9545021
99926.9545021
99926.9545021
99926.9545021
99926.9545021
99926.9545021
99926.9545021
99926.9545021
99926.9545021
99926.9545021
99925.9467075
99925.9467075
99925.9467075
99925.9467075
99925.9467075
99925.9467075
99925.9467075
99925.9467075
99925.9467075
99925.9467075
99925.9467075
99925.9467075
99925.9467075
99925.9467075
99925.9467075
99924.9389129
99924.9389129
99924.9389129
99924.9389129
99924.9389129
99924.9389129
99924.9389129
99924.9389129
99924.9389129
99924.9389129
99924.9389129
99924.9389129
99924.9389129
99924.9389129
99924.9389129
99923.9311183
99923.9311183
99923.9311183
99923.9311183
99923.9311183
99923.9311183
99923.9311183
99923.9311183
99923.9311183
99923.9311183
99923.9311183
99923.9311183
99923.9311183
99923.9311183
99923.9311183
99922.9233237
99922.9233237
99922.9233237
99922.9233237
99922.9233237
99922.9233237
99922.9233237
99922.9233237
99922.9233237
99922.9233237
99922.9233237
99922.9233237
99922.9233237
99922.9233237
99922.9233237
99921.9155291
99921.9155291
99921.9155291
99921.9155291
99921.9155291
99921.9155291
99921.9155291
99921.9155291
99921.9155291
99921.9155291
99921.9155291
99921.9155291
99921.9155291
99921.9155291
99921.9155291
99920.9077345
99920.9077345
99920.9077345
99920.9077345
99920.9077345
99920.9077345
99920.9077345
99920.9077345
99920.9077345
99920.9077345
99920.9077345
99920.9077345
99920.9077345
99920.9077345
99920.9077345
99919.8999399
99919.8999399
99919.8999399
99919.8999399
99919.8999399
99919.8999399
99919.8999399
99919.8999399
99919.8999399
99919.8999399
99919.8999399
99919.8999399
99919.8999399
99919.8999399
99919.8999399
99918.8921453
99918.8921453
99918.8921453
99918.8921453
99918.8921453
99918.8921453
99918.8921453
99918.8921453
99918.8921453
99918.8921453
99918.8921453
99918.8921453
99918.8921453
99918.8921453
99918.8921453
99917.8843507
99917.8843507
99917.8843507
99917.8843507
99917.8843507
99917.8843507
99917.8843507
99917.8843507
99917.8843507
99917.8843507
99917.8843507
99917.8843507
99917.8843507
99917.8843507
99917.8843507
99916.8765561
99916.8765561
99916.8765561
99916.8765561
99916.8765561
99916.8765561
99916.8765561
99916.8765561
99916.8765561
99916.8765561
99916.8765561
99916.8765561
99916.8765561
99916.8765561
99916.8765561
99915.8687615
99915.8687615
99915.8687615
99915.8687615
99915.8687615
99915.8687615
99915.8687615
99915.8687615
99915.8687615
99915.8687615
99915.8687615
99915.8687615
99915.8687615
99915.8687615
99915.8687615
99914.8609669
99914.8609669
99914.8609669
99914.8609669
99914.8609669
99914.8609669
99914.8609669
99914.8609669
99914.8609669
99914.8609669
99914.8609669
99914.8609669
99914.8609669
99914.8609669
99914.8609669
99913.8531723
99913.8531723
99913.8531723
99913.8531723
99913.8531723
99913.8531723
99913.8531723
99913.8531723
99913.8531723
99913.8531723
99913.8531723
99913.8531723
99913.8531723
99913.8531723
99913.8531723
99912.8453777
99912.8453777
99912.8453777
99912.8453777
99912.8453777
99912.8453777
99912.8453777
99912.8453777
99912.8453777
99912.8453777
99912.8453777
99912.8453777
99912.8453777
99912.8453777
99912.8453777
99911.8375831
99911.8375831
99911.8375831
99911.8375831
99911.8375831
99911.8375831
99911.8375831
99911.8375831
99911.8375831
99911.8375831
99911.8375831
99911.8375831
99911.8375831
99911.8375831
99911.8375831
99910.8297885
99910.8297885
99910.8297885
99910.8297885
99910.8297885
99910.8297885
99910.8297885
99910.8297885
99910.8297885
99910.8297885
99910.8297885
99910.8297885
99910.8297885
99910.8297885
99910.8297885
99909.821994
99909.821994
99909.821994
99909.821994
99909.821994
99909.821994
99909.821994
99909.821994
99909.821994
99909.821994
99909.821994
99909.821994
99909.821994
99909.821994
99909.821994
99908.8141994
99908.8141994
99908.8141994
99908.8141994
99908.8141994
99908.8141994
99908.8141994
99908.8141994
99908.8141994
99908.8141994
99908.8141994
99908.8141994
99908.8141994
99908.8141994
99908.8141994
99907.8064048
99907.8064048
99907.8064048
99907.8064048
99907.8064048
99907.8064048
99907.8064048
99907.8064048
99907.8064048
99907.8064048
99907.8064048
99907.8064048
99907.8064048
99907.8064048
99907.8064048
99906.7986102
99906.7986102
99906.7986102
99906.7986102
99906.7986102
99906.7986102
99906.7986102
99906.7986102
99906.7986102
99906.7986102
99906.7986102
99906.7986102
99906.7986102
99906.7986102
99906.7986102
99905.7908156
99905.7908156
99905.7908156
99905.7908156
99905.7908156
99905.7908156
99905.7908156
99905.7908156
99905.7908156
99905.7908156
99905.7908156
99905.7908156
99905.7908156
99905.7908156
99905.7908156
99904.783021
99904.783021
99904.783021
99904.783021
99904.783021
99904.783021
99904.783021
99904.783021
99904.783021
99904.783021
99904.783021
99904.783021
99904.783021
99904.783021
99904.783021
99903.7752264
99903.7752264
99903.7752264
99903.7752264
99903.7752264
99903.7752264
99903.7752264
99903.7752264
99903.7752264
99903.7752264
99903.7752264
99903.7752264
99903.7752264
99903.7752264
99903.7752264
99902.7674319
99902.7674319
99902.7674319
99902.7674319
99902.7674319
99902.7674319
99902.7674319
99902.7674319
99902.7674319
99902.7674319
99902.7674319
99902.7674319
99902.7674319
99902.7674319
99902.7674319
99901.7596373
99901.7596373
99901.7596373
99901.7596373
99901.7596373
99901.7596373
99901.7596373
99901.7596373
99901.7596373
99901.7596373
99901.7596373
99901.7596373
99901.7596373
99901.7596373
99901.7596373
99900.7518427
99900.7518427
99900.7518427
99900.7518427
99900.7518427
99900.7518427
99900.7518427
99900.7518427
99900.7518427
99900.7518427
99900.7518427
99900.7518427
99900.7518427
99900.7518427
99900.7518427
99899.7440481
99899.7440481
99899.7440481
99899.7440481
99899.7440481
99899.7440481
99899.7440481
99899.7440481
99899.7440481
99899.7440481
99899.7440481
99899.7440481
99899.7440481
99899.7440481
99899.7440481
)
;

boundaryField
{
    inlet1
    {
        type            zeroGradient;
    }
    inlet2
    {
        type            zeroGradient;
    }
    outlet
    {
        type            calculated;
        value           uniform 99899.2;
    }
    walls
    {
        type            calculated;
        value           nonuniform List<scalar> 
200
(
99999.5295341
99998.5102572
99997.5016158
99996.4926406
99995.4846725
99994.4767211
99993.4689046
99992.4610958
99991.4533089
99990.4455224
99989.437738
99988.4299517
99987.422164
99986.4143745
99985.4065837
99984.3987917
99983.3909988
99982.3832054
99981.3754115
99980.3676173
99979.359823
99978.3520285
99977.3442339
99976.3364393
99975.3286446
99974.32085
99973.3130553
99972.3052607
99971.297466
99970.2896713
99969.2818767
99968.274082
99967.2662874
99966.2584927
99965.250698
99964.2429034
99963.2351087
99962.2273141
99961.2195194
99960.2117248
99959.2039302
99958.1961355
99957.1883409
99956.1805462
99955.1727516
99954.164957
99953.1571623
99952.1493677
99951.141573
99950.1337784
99949.1259838
99948.1181891
99947.1103945
99946.1025999
99945.0948053
99944.0870106
99943.079216
99942.0714214
99941.0636268
99940.0558321
99939.0480375
99938.0402429
99937.0324483
99936.0246536
99935.016859
99934.0090644
99933.0012698
99931.9934752
99930.9856806
99929.977886
99928.9700913
99927.9622967
99926.9545021
99925.9467075
99924.9389129
99923.9311183
99922.9233237
99921.9155291
99920.9077345
99919.8999399
99918.8921453
99917.8843507
99916.8765561
99915.8687615
99914.8609669
99913.8531723
99912.8453777
99911.8375831
99910.8297885
99909.821994
99908.8141994
99907.8064048
99906.7986102
99905.7908156
99904.783021
99903.7752264
99902.7674319
99901.7596373
99900.7518427
99899.7440481
99999.5295341
99998.5102572
99997.5016158
99996.4926406
99995.4846725
99994.4767211
99993.4689046
99992.4610958
99991.4533089
99990.4455224
99989.437738
99988.4299517
99987.422164
99986.4143745
99985.4065837
99984.3987917
99983.3909988
99982.3832054
99981.3754115
99980.3676173
99979.359823
99978.3520285
99977.3442339
99976.3364393
99975.3286446
99974.32085
99973.3130553
99972.3052607
99971.297466
99970.2896713
99969.2818767
99968.274082
99967.2662874
99966.2584927
99965.250698
99964.2429034
99963.2351087
99962.2273141
99961.2195194
99960.2117248
99959.2039302
99958.1961355
99957.1883409
99956.1805462
99955.1727516
99954.164957
99953.1571623
99952.1493677
99951.141573
99950.1337784
99949.1259838
99948.1181891
99947.1103945
99946.1025999
99945.0948053
99944.0870106
99943.079216
99942.0714214
99941.0636268
99940.0558321
99939.0480375
99938.0402429
99937.0324483
99936.0246536
99935.016859
99934.0090644
99933.0012698
99931.9934752
99930.9856806
99929.977886
99928.9700913
99927.9622967
99926.9545021
99925.9467075
99924.9389129
99923.9311183
99922.9233237
99921.9155291
99920.9077345
99919.8999399
99918.8921453
99917.8843507
99916.8765561
99915.8687615
99914.8609669
99913.8531723
99912.8453777
99911.8375831
99910.8297885
99909.821994
99908.8141994
99907.8064048
99906.7986102
99905.7908156
99904.783021
99903.7752264
99902.7674319
99901.7596373
99900.7518427
99899.7440481
)
;
    }
    frontAndBack
    {
        type            empty;
    }
}


// ************************************************************************* //
