/*--------------------------------*- C++ -*----------------------------------*\
  =========                 |
  \\      /  F ield         | OpenFOAM: The Open Source CFD Toolbox
   \\    /   O peration     | Website:  https://openfoam.org
    \\  /    A nd           | Version:  dev
     \\/     M anipulation  |
\*---------------------------------------------------------------------------*/
FoamFile
{
    version     2.0;
    format      ascii;
    class       volScalarField;
    location    "0";
    object      p_rgh;
}
// * * * * * * * * * * * * * * * * * * * * * * * * * * * * * * * * * * * * * //

dimensions      [ 1 -1 -2 0 0 0 0 ];

internalField   nonuniform List<scalar> 
3000
(
100000.033333
100000.027637
100000.024764
100000.023048
100000.021748
100000.020815
100000.020264
100000.019909
100000.019632
100000.019406
100000.019235
100000.01911
100000.019022
100000.018969
100000.018946
100000.021655
100000.021336
100000.021285
100000.021008
100000.020698
100000.020397
100000.020084
100000.019799
100000.01958
100000.01941
100000.019281
100000.019185
100000.019117
100000.019071
100000.019045
100000.020612
100000.020558
100000.020612
100000.020446
100000.020251
100000.020048
100000.019842
100000.01966
100000.019508
100000.019378
100000.019271
100000.019187
100000.019125
100000.019081
100000.01906
100000.019236
100000.019377
100000.019508
100000.019527
100000.019497
100000.019444
100000.019372
100000.019292
100000.019215
100000.019145
100000.019086
100000.019038
100000.019001
100000.018976
100000.018964
100000.018866
100000.018973
100000.019071
100000.019102
100000.019104
100000.019086
100000.019054
100000.019013
100000.018972
100000.018933
100000.018898
100000.018869
100000.018846
100000.018831
100000.018823
100000.018513
100000.01859
100000.018659
100000.018695
100000.018714
100000.01872
100000.018716
100000.018706
100000.018693
100000.018678
100000.018664
100000.018652
100000.018642
100000.018635
100000.018632
100000.018295
100000.018345
100000.018391
100000.018419
100000.018437
100000.018448
100000.018452
100000.018452
100000.018449
100000.018445
100000.018441
100000.018437
100000.018433
100000.01843
100000.018429
100000.018085
100000.018117
100000.018147
100000.018167
100000.018183
100000.018194
100000.018202
100000.018207
100000.018211
100000.018213
100000.018214
100000.018214
100000.018215
100000.018215
100000.018215
100000.017897
100000.017916
100000.017936
100000.01795
100000.017962
100000.017971
100000.017979
100000.017985
100000.017989
100000.017993
100000.017996
100000.017999
100000.018001
100000.018002
100000.018002
100000.017709
100000.017721
100000.017733
100000.017743
100000.017751
100000.017758
100000.017765
100000.01777
100000.017775
100000.01778
100000.017783
100000.017786
100000.017788
100000.01779
100000.017791
100000.017523
100000.01753
100000.017538
100000.017544
100000.01755
100000.017555
100000.01756
100000.017565
100000.017569
100000.017572
100000.017576
100000.017579
100000.017581
100000.017582
100000.017583
100000.017335
100000.01734
100000.017344
100000.017348
100000.017352
100000.017356
100000.017359
100000.017363
100000.017366
100000.017369
100000.017372
100000.017374
100000.017376
100000.017378
100000.017376
100000.017146
100000.017149
100000.017151
100000.017154
100000.017156
100000.017159
100000.017161
100000.017164
100000.017166
100000.017169
100000.017171
100000.017172
100000.017174
100000.017176
100000.017173
100000.016955
100000.016957
100000.016958
100000.01696
100000.016961
100000.016963
100000.016965
100000.016966
100000.016968
100000.01697
100000.016971
100000.016972
100000.016973
100000.016975
100000.016973
100000.016763
100000.016764
100000.016765
100000.016765
100000.016766
100000.016767
100000.016769
100000.01677
100000.016771
100000.016772
100000.016773
100000.016774
100000.016775
100000.016776
100000.016775
100000.01657
100000.01657
100000.01657
100000.016571
100000.016571
100000.016572
100000.016573
100000.016574
100000.016574
100000.016575
100000.016576
100000.016576
100000.016577
100000.016578
100000.016577
100000.016376
100000.016376
100000.016376
100000.016376
100000.016376
100000.016377
100000.016377
100000.016378
100000.016378
100000.016379
100000.016379
100000.01638
100000.01638
100000.01638
100000.01638
100000.016181
100000.016181
100000.016181
100000.016181
100000.016181
100000.016181
100000.016181
100000.016182
100000.016182
100000.016182
100000.016183
100000.016183
100000.016183
100000.016183
100000.016183
100000.015985
100000.015985
100000.015985
100000.015985
100000.015985
100000.015985
100000.015986
100000.015986
100000.015986
100000.015986
100000.015986
100000.015987
100000.015987
100000.015987
100000.015987
100000.01579
100000.01579
100000.01579
100000.01579
100000.01579
100000.01579
100000.01579
100000.01579
100000.01579
100000.01579
100000.01579
100000.01579
100000.01579
100000.01579
100000.01579
100000.015594
100000.015594
100000.015594
100000.015594
100000.015594
100000.015594
100000.015594
100000.015594
100000.015594
100000.015594
100000.015594
100000.015594
100000.015594
100000.015594
100000.015594
100000.015398
100000.015398
100000.015398
100000.015398
100000.015398
100000.015398
100000.015398
100000.015398
100000.015398
100000.015398
100000.015398
100000.015398
100000.015398
100000.015398
100000.015398
100000.015202
100000.015202
100000.015202
100000.015202
100000.015202
100000.015202
100000.015202
100000.015202
100000.015202
100000.015202
100000.015202
100000.015202
100000.015202
100000.015202
100000.015202
100000.015006
100000.015006
100000.015006
100000.015006
100000.015006
100000.015006
100000.015006
100000.015006
100000.015006
100000.015006
100000.015006
100000.015006
100000.015006
100000.015006
100000.015006
100000.01481
100000.01481
100000.01481
100000.01481
100000.01481
100000.01481
100000.01481
100000.01481
100000.01481
100000.01481
100000.01481
100000.01481
100000.01481
100000.01481
100000.01481
100000.014614
100000.014614
100000.014614
100000.014614
100000.014614
100000.014614
100000.014614
100000.014614
100000.014614
100000.014614
100000.014614
100000.014614
100000.014614
100000.014614
100000.014614
100000.014418
100000.014418
100000.014418
100000.014418
100000.014418
100000.014418
100000.014417
100000.014417
100000.014417
100000.014417
100000.014417
100000.014417
100000.014417
100000.014417
100000.014417
100000.014221
100000.014221
100000.014221
100000.014221
100000.014221
100000.014221
100000.014221
100000.014221
100000.014221
100000.014221
100000.014221
100000.014221
100000.014221
100000.014221
100000.014221
100000.014025
100000.014025
100000.014025
100000.014025
100000.014025
100000.014025
100000.014025
100000.014025
100000.014025
100000.014025
100000.014025
100000.014025
100000.014025
100000.014025
100000.014025
100000.013829
100000.013829
100000.013829
100000.013829
100000.013829
100000.013829
100000.013829
100000.013829
100000.013829
100000.013829
100000.013829
100000.013829
100000.013829
100000.013829
100000.013829
100000.013633
100000.013633
100000.013633
100000.013633
100000.013633
100000.013633
100000.013633
100000.013633
100000.013633
100000.013633
100000.013633
100000.013633
100000.013633
100000.013633
100000.013633
100000.013437
100000.013437
100000.013437
100000.013437
100000.013437
100000.013437
100000.013437
100000.013437
100000.013437
100000.013437
100000.013437
100000.013437
100000.013437
100000.013437
100000.013437
100000.013241
100000.013241
100000.013241
100000.013241
100000.013241
100000.013241
100000.013241
100000.013241
100000.013241
100000.013241
100000.013241
100000.013241
100000.013241
100000.013241
100000.013241
100000.013045
100000.013045
100000.013045
100000.013045
100000.013045
100000.013045
100000.013045
100000.013045
100000.013045
100000.013045
100000.013045
100000.013045
100000.013045
100000.013045
100000.013045
100000.012849
100000.012849
100000.012849
100000.012849
100000.012849
100000.012849
100000.012849
100000.012849
100000.012849
100000.012849
100000.012849
100000.012849
100000.012849
100000.012849
100000.012849
100000.012652
100000.012652
100000.012652
100000.012652
100000.012652
100000.012652
100000.012652
100000.012652
100000.012652
100000.012652
100000.012652
100000.012652
100000.012652
100000.012652
100000.012652
100000.012456
100000.012456
100000.012456
100000.012456
100000.012456
100000.012456
100000.012456
100000.012456
100000.012456
100000.012456
100000.012456
100000.012456
100000.012456
100000.012456
100000.012456
100000.01226
100000.01226
100000.01226
100000.01226
100000.01226
100000.01226
100000.01226
100000.01226
100000.01226
100000.01226
100000.01226
100000.01226
100000.01226
100000.01226
100000.01226
100000.012064
100000.012064
100000.012064
100000.012064
100000.012064
100000.012064
100000.012064
100000.012064
100000.012064
100000.012064
100000.012064
100000.012064
100000.012064
100000.012064
100000.012064
100000.011868
100000.011868
100000.011868
100000.011868
100000.011868
100000.011868
100000.011868
100000.011868
100000.011868
100000.011868
100000.011868
100000.011868
100000.011868
100000.011868
100000.011868
100000.011672
100000.011672
100000.011672
100000.011672
100000.011672
100000.011672
100000.011672
100000.011672
100000.011672
100000.011672
100000.011672
100000.011672
100000.011672
100000.011672
100000.011672
100000.011476
100000.011476
100000.011476
100000.011476
100000.011476
100000.011476
100000.011476
100000.011476
100000.011476
100000.011476
100000.011476
100000.011476
100000.011476
100000.011476
100000.011476
100000.01128
100000.01128
100000.01128
100000.01128
100000.01128
100000.01128
100000.01128
100000.01128
100000.01128
100000.01128
100000.01128
100000.01128
100000.01128
100000.01128
100000.01128
100000.011083
100000.011083
100000.011083
100000.011083
100000.011083
100000.011083
100000.011083
100000.011083
100000.011083
100000.011083
100000.011083
100000.011083
100000.011083
100000.011083
100000.011083
100000.010887
100000.010887
100000.010887
100000.010887
100000.010887
100000.010887
100000.010887
100000.010887
100000.010887
100000.010887
100000.010887
100000.010887
100000.010887
100000.010887
100000.010887
100000.010691
100000.010691
100000.010691
100000.010691
100000.010691
100000.010691
100000.010691
100000.010691
100000.010691
100000.010691
100000.010691
100000.010691
100000.010691
100000.010691
100000.010691
100000.010495
100000.010495
100000.010495
100000.010495
100000.010495
100000.010495
100000.010495
100000.010495
100000.010495
100000.010495
100000.010495
100000.010495
100000.010495
100000.010495
100000.010495
100000.010299
100000.010299
100000.010299
100000.010299
100000.010299
100000.010299
100000.010299
100000.010299
100000.010299
100000.010299
100000.010299
100000.010299
100000.010299
100000.010299
100000.010299
100000.010103
100000.010103
100000.010103
100000.010103
100000.010103
100000.010103
100000.010103
100000.010103
100000.010103
100000.010103
100000.010103
100000.010103
100000.010103
100000.010103
100000.010103
100000.009907
100000.009907
100000.009907
100000.009907
100000.009907
100000.009907
100000.009907
100000.009907
100000.009907
100000.009907
100000.009907
100000.009907
100000.009907
100000.009907
100000.009907
100000.00971
100000.00971
100000.00971
100000.00971
100000.00971
100000.00971
100000.00971
100000.00971
100000.00971
100000.00971
100000.00971
100000.00971
100000.00971
100000.00971
100000.00971
100000.009514
100000.009514
100000.009514
100000.009514
100000.009514
100000.009514
100000.009514
100000.009514
100000.009514
100000.009514
100000.009514
100000.009514
100000.009514
100000.009514
100000.009514
100000.009318
100000.009318
100000.009318
100000.009318
100000.009318
100000.009318
100000.009318
100000.009318
100000.009318
100000.009318
100000.009318
100000.009318
100000.009318
100000.009318
100000.009318
100000.009122
100000.009122
100000.009122
100000.009122
100000.009122
100000.009122
100000.009122
100000.009122
100000.009122
100000.009122
100000.009122
100000.009122
100000.009122
100000.009122
100000.009122
100000.008926
100000.008926
100000.008926
100000.008926
100000.008926
100000.008926
100000.008926
100000.008926
100000.008926
100000.008926
100000.008926
100000.008926
100000.008926
100000.008926
100000.008926
100000.00873
100000.00873
100000.00873
100000.00873
100000.00873
100000.00873
100000.00873
100000.00873
100000.00873
100000.00873
100000.00873
100000.00873
100000.00873
100000.00873
100000.00873
100000.008534
100000.008534
100000.008534
100000.008534
100000.008534
100000.008534
100000.008534
100000.008534
100000.008534
100000.008534
100000.008534
100000.008534
100000.008534
100000.008534
100000.008534
100000.008337
100000.008337
100000.008337
100000.008337
100000.008337
100000.008337
100000.008337
100000.008337
100000.008337
100000.008337
100000.008337
100000.008337
100000.008337
100000.008337
100000.008337
100000.008141
100000.008141
100000.008141
100000.008141
100000.008141
100000.008141
100000.008141
100000.008141
100000.008141
100000.008141
100000.008141
100000.008141
100000.008141
100000.008141
100000.008141
100000.007945
100000.007945
100000.007945
100000.007945
100000.007945
100000.007945
100000.007945
100000.007945
100000.007945
100000.007945
100000.007945
100000.007945
100000.007945
100000.007945
100000.007945
100000.007749
100000.007749
100000.007749
100000.007749
100000.007749
100000.007749
100000.007749
100000.007749
100000.007749
100000.007749
100000.007749
100000.007749
100000.007749
100000.007749
100000.007749
100000.007553
100000.007553
100000.007553
100000.007553
100000.007553
100000.007553
100000.007553
100000.007553
100000.007553
100000.007553
100000.007553
100000.007553
100000.007553
100000.007553
100000.007553
100000.007357
100000.007357
100000.007357
100000.007357
100000.007357
100000.007357
100000.007357
100000.007357
100000.007357
100000.007357
100000.007357
100000.007357
100000.007357
100000.007357
100000.007357
100000.00716
100000.00716
100000.00716
100000.00716
100000.00716
100000.00716
100000.00716
100000.00716
100000.00716
100000.00716
100000.00716
100000.00716
100000.00716
100000.00716
100000.00716
100000.006964
100000.006964
100000.006964
100000.006964
100000.006964
100000.006964
100000.006964
100000.006964
100000.006964
100000.006964
100000.006964
100000.006964
100000.006964
100000.006964
100000.006964
100000.006768
100000.006768
100000.006768
100000.006768
100000.006768
100000.006768
100000.006768
100000.006768
100000.006768
100000.006768
100000.006768
100000.006768
100000.006768
100000.006768
100000.006768
100000.006572
100000.006572
100000.006572
100000.006572
100000.006572
100000.006572
100000.006572
100000.006572
100000.006572
100000.006572
100000.006572
100000.006572
100000.006572
100000.006572
100000.006572
100000.006376
100000.006376
100000.006376
100000.006376
100000.006376
100000.006376
100000.006376
100000.006376
100000.006376
100000.006376
100000.006376
100000.006376
100000.006376
100000.006376
100000.006376
100000.00618
100000.00618
100000.00618
100000.00618
100000.00618
100000.00618
100000.00618
100000.00618
100000.00618
100000.00618
100000.00618
100000.00618
100000.00618
100000.00618
100000.00618
100000.005984
100000.005984
100000.005984
100000.005984
100000.005984
100000.005984
100000.005984
100000.005984
100000.005984
100000.005984
100000.005984
100000.005984
100000.005984
100000.005984
100000.005984
100000.005787
100000.005787
100000.005787
100000.005787
100000.005787
100000.005787
100000.005787
100000.005787
100000.005787
100000.005787
100000.005787
100000.005787
100000.005787
100000.005787
100000.005787
100000.005591
100000.005591
100000.005591
100000.005591
100000.005591
100000.005591
100000.005591
100000.005591
100000.005591
100000.005591
100000.005591
100000.005591
100000.005591
100000.005591
100000.005591
100000.005395
100000.005395
100000.005395
100000.005395
100000.005395
100000.005395
100000.005395
100000.005395
100000.005395
100000.005395
100000.005395
100000.005395
100000.005395
100000.005395
100000.005395
100000.005199
100000.005199
100000.005199
100000.005199
100000.005199
100000.005199
100000.005199
100000.005199
100000.005199
100000.005199
100000.005199
100000.005199
100000.005199
100000.005199
100000.005199
100000.005003
100000.005003
100000.005003
100000.005003
100000.005003
100000.005003
100000.005003
100000.005003
100000.005003
100000.005003
100000.005003
100000.005003
100000.005003
100000.005003
100000.005003
100000.004807
100000.004807
100000.004807
100000.004807
100000.004807
100000.004807
100000.004807
100000.004807
100000.004807
100000.004807
100000.004807
100000.004807
100000.004807
100000.004807
100000.004807
100000.00461
100000.00461
100000.00461
100000.00461
100000.00461
100000.00461
100000.00461
100000.00461
100000.00461
100000.00461
100000.00461
100000.00461
100000.00461
100000.00461
100000.00461
100000.004414
100000.004414
100000.004414
100000.004414
100000.004414
100000.004414
100000.004414
100000.004414
100000.004414
100000.004414
100000.004414
100000.004414
100000.004414
100000.004414
100000.004414
100000.004218
100000.004218
100000.004218
100000.004218
100000.004218
100000.004218
100000.004218
100000.004218
100000.004218
100000.004218
100000.004218
100000.004218
100000.004218
100000.004218
100000.004218
100000.004022
100000.004022
100000.004022
100000.004022
100000.004022
100000.004022
100000.004022
100000.004022
100000.004022
100000.004022
100000.004022
100000.004022
100000.004022
100000.004022
100000.004022
100000.003826
100000.003826
100000.003826
100000.003826
100000.003826
100000.003826
100000.003826
100000.003826
100000.003826
100000.003826
100000.003826
100000.003826
100000.003826
100000.003826
100000.003826
100000.003629
100000.003629
100000.003629
100000.003629
100000.003629
100000.003629
100000.003629
100000.003629
100000.003629
100000.003629
100000.003629
100000.003629
100000.003629
100000.003629
100000.003629
100000.003433
100000.003433
100000.003433
100000.003433
100000.003433
100000.003433
100000.003433
100000.003433
100000.003433
100000.003433
100000.003433
100000.003433
100000.003433
100000.003433
100000.003433
100000.003237
100000.003237
100000.003237
100000.003237
100000.003237
100000.003237
100000.003237
100000.003237
100000.003237
100000.003237
100000.003237
100000.003237
100000.003237
100000.003237
100000.003237
100000.003041
100000.003041
100000.003041
100000.003041
100000.003041
100000.003041
100000.003041
100000.003041
100000.003041
100000.003041
100000.003041
100000.003041
100000.003041
100000.003041
100000.003041
100000.002845
100000.002845
100000.002845
100000.002845
100000.002845
100000.002845
100000.002845
100000.002845
100000.002845
100000.002845
100000.002845
100000.002845
100000.002845
100000.002845
100000.002845
100000.002649
100000.002649
100000.002649
100000.002649
100000.002649
100000.002649
100000.002649
100000.002649
100000.002649
100000.002649
100000.002649
100000.002649
100000.002649
100000.002649
100000.002649
100000.002452
100000.002452
100000.002452
100000.002452
100000.002452
100000.002452
100000.002452
100000.002452
100000.002452
100000.002452
100000.002452
100000.002452
100000.002452
100000.002452
100000.002452
100000.002256
100000.002256
100000.002256
100000.002256
100000.002256
100000.002256
100000.002256
100000.002256
100000.002256
100000.002256
100000.002256
100000.002256
100000.002256
100000.002256
100000.002256
100000.00206
100000.00206
100000.00206
100000.00206
100000.00206
100000.00206
100000.00206
100000.00206
100000.00206
100000.00206
100000.00206
100000.00206
100000.00206
100000.00206
100000.00206
100000.001864
100000.001864
100000.001864
100000.001864
100000.001864
100000.001864
100000.001864
100000.001864
100000.001864
100000.001864
100000.001864
100000.001864
100000.001864
100000.001864
100000.001864
100000.001668
100000.001668
100000.001668
100000.001668
100000.001668
100000.001668
100000.001668
100000.001668
100000.001668
100000.001668
100000.001668
100000.001668
100000.001668
100000.001668
100000.001668
100000.001471
100000.001471
100000.001471
100000.001471
100000.001471
100000.001471
100000.001471
100000.001471
100000.001471
100000.001471
100000.001471
100000.001471
100000.001471
100000.001471
100000.001471
100000.001275
100000.001275
100000.001275
100000.001275
100000.001275
100000.001275
100000.001275
100000.001275
100000.001275
100000.001275
100000.001275
100000.001275
100000.001275
100000.001275
100000.001275
100000.001079
100000.001079
100000.001079
100000.001079
100000.001079
100000.001079
100000.001079
100000.001079
100000.001079
100000.001079
100000.001079
100000.001079
100000.001079
100000.001079
100000.001079
100000.000883
100000.000883
100000.000883
100000.000883
100000.000883
100000.000883
100000.000883
100000.000883
100000.000883
100000.000883
100000.000883
100000.000883
100000.000883
100000.000883
100000.000883
100000.000687
100000.000687
100000.000687
100000.000687
100000.000687
100000.000687
100000.000687
100000.000687
100000.000687
100000.000687
100000.000687
100000.000687
100000.000687
100000.000687
100000.000687
100000.00049
100000.00049
100000.00049
100000.00049
100000.00049
100000.00049
100000.00049
100000.00049
100000.00049
100000.00049
100000.00049
100000.00049
100000.00049
100000.00049
100000.00049
100000.000294
100000.000294
100000.000294
100000.000294
100000.000294
100000.000294
100000.000294
100000.000294
100000.000294
100000.000294
100000.000294
100000.000294
100000.000294
100000.000294
100000.000294
100000.000098
100000.000098
100000.000098
100000.000098
100000.000098
100000.000098
100000.000098
100000.000098
100000.000098
100000.000098
100000.000098
100000.000098
100000.000098
100000.000098
100000.000098
100000.018946
100000.018969
100000.019022
100000.01911
100000.019235
100000.019406
100000.019632
100000.019909
100000.020264
100000.020815
100000.021748
100000.023048
100000.024764
100000.027637
100000.033333
100000.019045
100000.019071
100000.019117
100000.019185
100000.019281
100000.01941
100000.01958
100000.019799
100000.020084
100000.020397
100000.020698
100000.021008
100000.021285
100000.021336
100000.021655
100000.01906
100000.019081
100000.019125
100000.019187
100000.019271
100000.019378
100000.019508
100000.01966
100000.019842
100000.020048
100000.020251
100000.020446
100000.020612
100000.020558
100000.020612
100000.018964
100000.018976
100000.019001
100000.019038
100000.019086
100000.019145
100000.019215
100000.019292
100000.019372
100000.019444
100000.019497
100000.019527
100000.019508
100000.019377
100000.019236
100000.018823
100000.018831
100000.018846
100000.018869
100000.018898
100000.018933
100000.018972
100000.019013
100000.019054
100000.019086
100000.019104
100000.019102
100000.019071
100000.018973
100000.018866
100000.018632
100000.018635
100000.018642
100000.018652
100000.018664
100000.018678
100000.018693
100000.018706
100000.018716
100000.01872
100000.018714
100000.018695
100000.018659
100000.01859
100000.018513
100000.018429
100000.01843
100000.018433
100000.018437
100000.018441
100000.018445
100000.018449
100000.018452
100000.018452
100000.018448
100000.018437
100000.018419
100000.018391
100000.018345
100000.018295
100000.018215
100000.018215
100000.018215
100000.018214
100000.018214
100000.018213
100000.018211
100000.018207
100000.018202
100000.018194
100000.018183
100000.018167
100000.018147
100000.018117
100000.018085
100000.018002
100000.018002
100000.018001
100000.017999
100000.017996
100000.017993
100000.017989
100000.017985
100000.017979
100000.017971
100000.017962
100000.01795
100000.017936
100000.017916
100000.017897
100000.017791
100000.01779
100000.017788
100000.017786
100000.017783
100000.01778
100000.017775
100000.01777
100000.017765
100000.017758
100000.017751
100000.017743
100000.017733
100000.017721
100000.017709
100000.017583
100000.017582
100000.017581
100000.017579
100000.017576
100000.017572
100000.017569
100000.017565
100000.01756
100000.017555
100000.01755
100000.017544
100000.017538
100000.01753
100000.017523
100000.017376
100000.017378
100000.017376
100000.017374
100000.017372
100000.017369
100000.017366
100000.017363
100000.017359
100000.017356
100000.017352
100000.017348
100000.017344
100000.01734
100000.017335
100000.017173
100000.017176
100000.017174
100000.017172
100000.017171
100000.017169
100000.017166
100000.017164
100000.017161
100000.017159
100000.017156
100000.017154
100000.017151
100000.017149
100000.017146
100000.016973
100000.016975
100000.016973
100000.016972
100000.016971
100000.01697
100000.016968
100000.016966
100000.016965
100000.016963
100000.016961
100000.01696
100000.016958
100000.016957
100000.016955
100000.016775
100000.016776
100000.016775
100000.016774
100000.016773
100000.016772
100000.016771
100000.01677
100000.016769
100000.016767
100000.016766
100000.016765
100000.016765
100000.016764
100000.016763
100000.016577
100000.016578
100000.016577
100000.016576
100000.016576
100000.016575
100000.016574
100000.016574
100000.016573
100000.016572
100000.016571
100000.016571
100000.01657
100000.01657
100000.01657
100000.01638
100000.01638
100000.01638
100000.01638
100000.016379
100000.016379
100000.016378
100000.016378
100000.016377
100000.016377
100000.016376
100000.016376
100000.016376
100000.016376
100000.016376
100000.016183
100000.016183
100000.016183
100000.016183
100000.016183
100000.016182
100000.016182
100000.016182
100000.016181
100000.016181
100000.016181
100000.016181
100000.016181
100000.016181
100000.016181
100000.015987
100000.015987
100000.015987
100000.015987
100000.015986
100000.015986
100000.015986
100000.015986
100000.015986
100000.015985
100000.015985
100000.015985
100000.015985
100000.015985
100000.015985
100000.01579
100000.01579
100000.01579
100000.01579
100000.01579
100000.01579
100000.01579
100000.01579
100000.01579
100000.01579
100000.01579
100000.01579
100000.01579
100000.01579
100000.01579
100000.015594
100000.015594
100000.015594
100000.015594
100000.015594
100000.015594
100000.015594
100000.015594
100000.015594
100000.015594
100000.015594
100000.015594
100000.015594
100000.015594
100000.015594
100000.015398
100000.015398
100000.015398
100000.015398
100000.015398
100000.015398
100000.015398
100000.015398
100000.015398
100000.015398
100000.015398
100000.015398
100000.015398
100000.015398
100000.015398
100000.015202
100000.015202
100000.015202
100000.015202
100000.015202
100000.015202
100000.015202
100000.015202
100000.015202
100000.015202
100000.015202
100000.015202
100000.015202
100000.015202
100000.015202
100000.015006
100000.015006
100000.015006
100000.015006
100000.015006
100000.015006
100000.015006
100000.015006
100000.015006
100000.015006
100000.015006
100000.015006
100000.015006
100000.015006
100000.015006
100000.01481
100000.01481
100000.01481
100000.01481
100000.01481
100000.01481
100000.01481
100000.01481
100000.01481
100000.01481
100000.01481
100000.01481
100000.01481
100000.01481
100000.01481
100000.014614
100000.014614
100000.014614
100000.014614
100000.014614
100000.014614
100000.014614
100000.014614
100000.014614
100000.014614
100000.014614
100000.014614
100000.014614
100000.014614
100000.014614
100000.014417
100000.014417
100000.014417
100000.014417
100000.014417
100000.014417
100000.014417
100000.014417
100000.014417
100000.014418
100000.014418
100000.014418
100000.014418
100000.014418
100000.014418
100000.014221
100000.014221
100000.014221
100000.014221
100000.014221
100000.014221
100000.014221
100000.014221
100000.014221
100000.014221
100000.014221
100000.014221
100000.014221
100000.014221
100000.014221
100000.014025
100000.014025
100000.014025
100000.014025
100000.014025
100000.014025
100000.014025
100000.014025
100000.014025
100000.014025
100000.014025
100000.014025
100000.014025
100000.014025
100000.014025
100000.013829
100000.013829
100000.013829
100000.013829
100000.013829
100000.013829
100000.013829
100000.013829
100000.013829
100000.013829
100000.013829
100000.013829
100000.013829
100000.013829
100000.013829
100000.013633
100000.013633
100000.013633
100000.013633
100000.013633
100000.013633
100000.013633
100000.013633
100000.013633
100000.013633
100000.013633
100000.013633
100000.013633
100000.013633
100000.013633
100000.013437
100000.013437
100000.013437
100000.013437
100000.013437
100000.013437
100000.013437
100000.013437
100000.013437
100000.013437
100000.013437
100000.013437
100000.013437
100000.013437
100000.013437
100000.013241
100000.013241
100000.013241
100000.013241
100000.013241
100000.013241
100000.013241
100000.013241
100000.013241
100000.013241
100000.013241
100000.013241
100000.013241
100000.013241
100000.013241
100000.013045
100000.013045
100000.013045
100000.013045
100000.013045
100000.013045
100000.013045
100000.013045
100000.013045
100000.013045
100000.013045
100000.013045
100000.013045
100000.013045
100000.013045
100000.012849
100000.012849
100000.012849
100000.012849
100000.012849
100000.012849
100000.012849
100000.012849
100000.012849
100000.012849
100000.012849
100000.012849
100000.012849
100000.012849
100000.012849
100000.012652
100000.012652
100000.012652
100000.012652
100000.012652
100000.012652
100000.012652
100000.012652
100000.012652
100000.012652
100000.012652
100000.012652
100000.012652
100000.012652
100000.012652
100000.012456
100000.012456
100000.012456
100000.012456
100000.012456
100000.012456
100000.012456
100000.012456
100000.012456
100000.012456
100000.012456
100000.012456
100000.012456
100000.012456
100000.012456
100000.01226
100000.01226
100000.01226
100000.01226
100000.01226
100000.01226
100000.01226
100000.01226
100000.01226
100000.01226
100000.01226
100000.01226
100000.01226
100000.01226
100000.01226
100000.012064
100000.012064
100000.012064
100000.012064
100000.012064
100000.012064
100000.012064
100000.012064
100000.012064
100000.012064
100000.012064
100000.012064
100000.012064
100000.012064
100000.012064
100000.011868
100000.011868
100000.011868
100000.011868
100000.011868
100000.011868
100000.011868
100000.011868
100000.011868
100000.011868
100000.011868
100000.011868
100000.011868
100000.011868
100000.011868
100000.011672
100000.011672
100000.011672
100000.011672
100000.011672
100000.011672
100000.011672
100000.011672
100000.011672
100000.011672
100000.011672
100000.011672
100000.011672
100000.011672
100000.011672
100000.011476
100000.011476
100000.011476
100000.011476
100000.011476
100000.011476
100000.011476
100000.011476
100000.011476
100000.011476
100000.011476
100000.011476
100000.011476
100000.011476
100000.011476
100000.01128
100000.01128
100000.01128
100000.01128
100000.01128
100000.01128
100000.01128
100000.01128
100000.01128
100000.01128
100000.01128
100000.01128
100000.01128
100000.01128
100000.01128
100000.011083
100000.011083
100000.011083
100000.011083
100000.011083
100000.011083
100000.011083
100000.011083
100000.011083
100000.011083
100000.011083
100000.011083
100000.011083
100000.011083
100000.011083
100000.010887
100000.010887
100000.010887
100000.010887
100000.010887
100000.010887
100000.010887
100000.010887
100000.010887
100000.010887
100000.010887
100000.010887
100000.010887
100000.010887
100000.010887
100000.010691
100000.010691
100000.010691
100000.010691
100000.010691
100000.010691
100000.010691
100000.010691
100000.010691
100000.010691
100000.010691
100000.010691
100000.010691
100000.010691
100000.010691
100000.010495
100000.010495
100000.010495
100000.010495
100000.010495
100000.010495
100000.010495
100000.010495
100000.010495
100000.010495
100000.010495
100000.010495
100000.010495
100000.010495
100000.010495
100000.010299
100000.010299
100000.010299
100000.010299
100000.010299
100000.010299
100000.010299
100000.010299
100000.010299
100000.010299
100000.010299
100000.010299
100000.010299
100000.010299
100000.010299
100000.010103
100000.010103
100000.010103
100000.010103
100000.010103
100000.010103
100000.010103
100000.010103
100000.010103
100000.010103
100000.010103
100000.010103
100000.010103
100000.010103
100000.010103
100000.009907
100000.009907
100000.009907
100000.009907
100000.009907
100000.009907
100000.009907
100000.009907
100000.009907
100000.009907
100000.009907
100000.009907
100000.009907
100000.009907
100000.009907
100000.00971
100000.00971
100000.00971
100000.00971
100000.00971
100000.00971
100000.00971
100000.00971
100000.00971
100000.00971
100000.00971
100000.00971
100000.00971
100000.00971
100000.00971
100000.009514
100000.009514
100000.009514
100000.009514
100000.009514
100000.009514
100000.009514
100000.009514
100000.009514
100000.009514
100000.009514
100000.009514
100000.009514
100000.009514
100000.009514
100000.009318
100000.009318
100000.009318
100000.009318
100000.009318
100000.009318
100000.009318
100000.009318
100000.009318
100000.009318
100000.009318
100000.009318
100000.009318
100000.009318
100000.009318
100000.009122
100000.009122
100000.009122
100000.009122
100000.009122
100000.009122
100000.009122
100000.009122
100000.009122
100000.009122
100000.009122
100000.009122
100000.009122
100000.009122
100000.009122
100000.008926
100000.008926
100000.008926
100000.008926
100000.008926
100000.008926
100000.008926
100000.008926
100000.008926
100000.008926
100000.008926
100000.008926
100000.008926
100000.008926
100000.008926
100000.00873
100000.00873
100000.00873
100000.00873
100000.00873
100000.00873
100000.00873
100000.00873
100000.00873
100000.00873
100000.00873
100000.00873
100000.00873
100000.00873
100000.00873
100000.008534
100000.008534
100000.008534
100000.008534
100000.008534
100000.008534
100000.008534
100000.008534
100000.008534
100000.008534
100000.008534
100000.008534
100000.008534
100000.008534
100000.008534
100000.008337
100000.008337
100000.008337
100000.008337
100000.008337
100000.008337
100000.008337
100000.008337
100000.008337
100000.008337
100000.008337
100000.008337
100000.008337
100000.008337
100000.008337
100000.008141
100000.008141
100000.008141
100000.008141
100000.008141
100000.008141
100000.008141
100000.008141
100000.008141
100000.008141
100000.008141
100000.008141
100000.008141
100000.008141
100000.008141
100000.007945
100000.007945
100000.007945
100000.007945
100000.007945
100000.007945
100000.007945
100000.007945
100000.007945
100000.007945
100000.007945
100000.007945
100000.007945
100000.007945
100000.007945
100000.007749
100000.007749
100000.007749
100000.007749
100000.007749
100000.007749
100000.007749
100000.007749
100000.007749
100000.007749
100000.007749
100000.007749
100000.007749
100000.007749
100000.007749
100000.007553
100000.007553
100000.007553
100000.007553
100000.007553
100000.007553
100000.007553
100000.007553
100000.007553
100000.007553
100000.007553
100000.007553
100000.007553
100000.007553
100000.007553
100000.007357
100000.007357
100000.007357
100000.007357
100000.007357
100000.007357
100000.007357
100000.007357
100000.007357
100000.007357
100000.007357
100000.007357
100000.007357
100000.007357
100000.007357
100000.00716
100000.00716
100000.00716
100000.00716
100000.00716
100000.00716
100000.00716
100000.00716
100000.00716
100000.00716
100000.00716
100000.00716
100000.00716
100000.00716
100000.00716
100000.006964
100000.006964
100000.006964
100000.006964
100000.006964
100000.006964
100000.006964
100000.006964
100000.006964
100000.006964
100000.006964
100000.006964
100000.006964
100000.006964
100000.006964
100000.006768
100000.006768
100000.006768
100000.006768
100000.006768
100000.006768
100000.006768
100000.006768
100000.006768
100000.006768
100000.006768
100000.006768
100000.006768
100000.006768
100000.006768
100000.006572
100000.006572
100000.006572
100000.006572
100000.006572
100000.006572
100000.006572
100000.006572
100000.006572
100000.006572
100000.006572
100000.006572
100000.006572
100000.006572
100000.006572
100000.006376
100000.006376
100000.006376
100000.006376
100000.006376
100000.006376
100000.006376
100000.006376
100000.006376
100000.006376
100000.006376
100000.006376
100000.006376
100000.006376
100000.006376
100000.00618
100000.00618
100000.00618
100000.00618
100000.00618
100000.00618
100000.00618
100000.00618
100000.00618
100000.00618
100000.00618
100000.00618
100000.00618
100000.00618
100000.00618
100000.005984
100000.005984
100000.005984
100000.005984
100000.005984
100000.005984
100000.005984
100000.005984
100000.005984
100000.005984
100000.005984
100000.005984
100000.005984
100000.005984
100000.005984
100000.005787
100000.005787
100000.005787
100000.005787
100000.005787
100000.005787
100000.005787
100000.005787
100000.005787
100000.005787
100000.005787
100000.005787
100000.005787
100000.005787
100000.005787
100000.005591
100000.005591
100000.005591
100000.005591
100000.005591
100000.005591
100000.005591
100000.005591
100000.005591
100000.005591
100000.005591
100000.005591
100000.005591
100000.005591
100000.005591
100000.005395
100000.005395
100000.005395
100000.005395
100000.005395
100000.005395
100000.005395
100000.005395
100000.005395
100000.005395
100000.005395
100000.005395
100000.005395
100000.005395
100000.005395
100000.005199
100000.005199
100000.005199
100000.005199
100000.005199
100000.005199
100000.005199
100000.005199
100000.005199
100000.005199
100000.005199
100000.005199
100000.005199
100000.005199
100000.005199
100000.005003
100000.005003
100000.005003
100000.005003
100000.005003
100000.005003
100000.005003
100000.005003
100000.005003
100000.005003
100000.005003
100000.005003
100000.005003
100000.005003
100000.005003
100000.004807
100000.004807
100000.004807
100000.004807
100000.004807
100000.004807
100000.004807
100000.004807
100000.004807
100000.004807
100000.004807
100000.004807
100000.004807
100000.004807
100000.004807
100000.00461
100000.00461
100000.00461
100000.00461
100000.00461
100000.00461
100000.00461
100000.00461
100000.00461
100000.00461
100000.00461
100000.00461
100000.00461
100000.00461
100000.00461
100000.004414
100000.004414
100000.004414
100000.004414
100000.004414
100000.004414
100000.004414
100000.004414
100000.004414
100000.004414
100000.004414
100000.004414
100000.004414
100000.004414
100000.004414
100000.004218
100000.004218
100000.004218
100000.004218
100000.004218
100000.004218
100000.004218
100000.004218
100000.004218
100000.004218
100000.004218
100000.004218
100000.004218
100000.004218
100000.004218
100000.004022
100000.004022
100000.004022
100000.004022
100000.004022
100000.004022
100000.004022
100000.004022
100000.004022
100000.004022
100000.004022
100000.004022
100000.004022
100000.004022
100000.004022
100000.003826
100000.003826
100000.003826
100000.003826
100000.003826
100000.003826
100000.003826
100000.003826
100000.003826
100000.003826
100000.003826
100000.003826
100000.003826
100000.003826
100000.003826
100000.003629
100000.003629
100000.003629
100000.003629
100000.003629
100000.003629
100000.003629
100000.003629
100000.003629
100000.003629
100000.003629
100000.003629
100000.003629
100000.003629
100000.003629
100000.003433
100000.003433
100000.003433
100000.003433
100000.003433
100000.003433
100000.003433
100000.003433
100000.003433
100000.003433
100000.003433
100000.003433
100000.003433
100000.003433
100000.003433
100000.003237
100000.003237
100000.003237
100000.003237
100000.003237
100000.003237
100000.003237
100000.003237
100000.003237
100000.003237
100000.003237
100000.003237
100000.003237
100000.003237
100000.003237
100000.003041
100000.003041
100000.003041
100000.003041
100000.003041
100000.003041
100000.003041
100000.003041
100000.003041
100000.003041
100000.003041
100000.003041
100000.003041
100000.003041
100000.003041
100000.002845
100000.002845
100000.002845
100000.002845
100000.002845
100000.002845
100000.002845
100000.002845
100000.002845
100000.002845
100000.002845
100000.002845
100000.002845
100000.002845
100000.002845
100000.002649
100000.002649
100000.002649
100000.002649
100000.002649
100000.002649
100000.002649
100000.002649
100000.002649
100000.002649
100000.002649
100000.002649
100000.002649
100000.002649
100000.002649
100000.002452
100000.002452
100000.002452
100000.002452
100000.002452
100000.002452
100000.002452
100000.002452
100000.002452
100000.002452
100000.002452
100000.002452
100000.002452
100000.002452
100000.002452
100000.002256
100000.002256
100000.002256
100000.002256
100000.002256
100000.002256
100000.002256
100000.002256
100000.002256
100000.002256
100000.002256
100000.002256
100000.002256
100000.002256
100000.002256
100000.00206
100000.00206
100000.00206
100000.00206
100000.00206
100000.00206
100000.00206
100000.00206
100000.00206
100000.00206
100000.00206
100000.00206
100000.00206
100000.00206
100000.00206
100000.001864
100000.001864
100000.001864
100000.001864
100000.001864
100000.001864
100000.001864
100000.001864
100000.001864
100000.001864
100000.001864
100000.001864
100000.001864
100000.001864
100000.001864
100000.001668
100000.001668
100000.001668
100000.001668
100000.001668
100000.001668
100000.001668
100000.001668
100000.001668
100000.001668
100000.001668
100000.001668
100000.001668
100000.001668
100000.001668
100000.001471
100000.001471
100000.001471
100000.001471
100000.001471
100000.001471
100000.001471
100000.001471
100000.001471
100000.001471
100000.001471
100000.001471
100000.001471
100000.001471
100000.001471
100000.001275
100000.001275
100000.001275
100000.001275
100000.001275
100000.001275
100000.001275
100000.001275
100000.001275
100000.001275
100000.001275
100000.001275
100000.001275
100000.001275
100000.001275
100000.001079
100000.001079
100000.001079
100000.001079
100000.001079
100000.001079
100000.001079
100000.001079
100000.001079
100000.001079
100000.001079
100000.001079
100000.001079
100000.001079
100000.001079
100000.000883
100000.000883
100000.000883
100000.000883
100000.000883
100000.000883
100000.000883
100000.000883
100000.000883
100000.000883
100000.000883
100000.000883
100000.000883
100000.000883
100000.000883
100000.000687
100000.000687
100000.000687
100000.000687
100000.000687
100000.000687
100000.000687
100000.000687
100000.000687
100000.000687
100000.000687
100000.000687
100000.000687
100000.000687
100000.000687
100000.00049
100000.00049
100000.00049
100000.00049
100000.00049
100000.00049
100000.00049
100000.00049
100000.00049
100000.00049
100000.00049
100000.00049
100000.00049
100000.00049
100000.00049
100000.000294
100000.000294
100000.000294
100000.000294
100000.000294
100000.000294
100000.000294
100000.000294
100000.000294
100000.000294
100000.000294
100000.000294
100000.000294
100000.000294
100000.000294
100000.000098
100000.000098
100000.000098
100000.000098
100000.000098
100000.000098
100000.000098
100000.000098
100000.000098
100000.000098
100000.000098
100000.000098
100000.000098
100000.000098
100000.000098
)
;

boundaryField
{
    inlet1
    {
        type            fixedFluxPressure;
        gradient        nonuniform List<scalar> 
15
(
0
2.31730048634e-13
2.30628055653e-13
0
0
2.28068755749e-13
0
2.2744566054e-13
0
0
0
2.31470313803e-13
0
0
0
)
;
        value           nonuniform List<scalar> 
15
(
100000.033333
100000.027637
100000.024764
100000.023048
100000.021748
100000.020815
100000.020264
100000.019909
100000.019632
100000.019406
100000.019235
100000.01911
100000.019022
100000.018969
100000.018946
)
;
    }
    inlet2
    {
        type            fixedFluxPressure;
        gradient        nonuniform List<scalar> 
15
(
0
2.36916860002e-13
-2.32882805601e-13
0
2.30110380957e-13
-2.28957970655e-13
0
2.27445660545e-13
-2.27051615092e-13
2.28068755747e-13
0
0
0
2.31730048634e-13
0
)
;
        value           nonuniform List<scalar> 
15
(
100000.018946
100000.018969
100000.019022
100000.01911
100000.019235
100000.019406
100000.019632
100000.019909
100000.020264
100000.020815
100000.021748
100000.023048
100000.024764
100000.027637
100000.033333
)
;
    }
    outlet
    {
        type            fixedValue;
        value           uniform 100000;
    }
    walls
    {
        type            fixedFluxPressure;
        gradient        uniform 0;
        value           nonuniform List<scalar> 
200
(
100000.033333
100000.021655
100000.020612
100000.019236
100000.018866
100000.018513
100000.018295
100000.018085
100000.017897
100000.017709
100000.017523
100000.017335
100000.017146
100000.016955
100000.016763
100000.01657
100000.016376
100000.016181
100000.015985
100000.01579
100000.015594
100000.015398
100000.015202
100000.015006
100000.01481
100000.014614
100000.014418
100000.014221
100000.014025
100000.013829
100000.013633
100000.013437
100000.013241
100000.013045
100000.012849
100000.012652
100000.012456
100000.01226
100000.012064
100000.011868
100000.011672
100000.011476
100000.01128
100000.011083
100000.010887
100000.010691
100000.010495
100000.010299
100000.010103
100000.009907
100000.00971
100000.009514
100000.009318
100000.009122
100000.008926
100000.00873
100000.008534
100000.008337
100000.008141
100000.007945
100000.007749
100000.007553
100000.007357
100000.00716
100000.006964
100000.006768
100000.006572
100000.006376
100000.00618
100000.005984
100000.005787
100000.005591
100000.005395
100000.005199
100000.005003
100000.004807
100000.00461
100000.004414
100000.004218
100000.004022
100000.003826
100000.003629
100000.003433
100000.003237
100000.003041
100000.002845
100000.002649
100000.002452
100000.002256
100000.00206
100000.001864
100000.001668
100000.001471
100000.001275
100000.001079
100000.000883
100000.000687
100000.00049
100000.000294
100000.000098
100000.033333
100000.021655
100000.020612
100000.019236
100000.018866
100000.018513
100000.018295
100000.018085
100000.017897
100000.017709
100000.017523
100000.017335
100000.017146
100000.016955
100000.016763
100000.01657
100000.016376
100000.016181
100000.015985
100000.01579
100000.015594
100000.015398
100000.015202
100000.015006
100000.01481
100000.014614
100000.014418
100000.014221
100000.014025
100000.013829
100000.013633
100000.013437
100000.013241
100000.013045
100000.012849
100000.012652
100000.012456
100000.01226
100000.012064
100000.011868
100000.011672
100000.011476
100000.01128
100000.011083
100000.010887
100000.010691
100000.010495
100000.010299
100000.010103
100000.009907
100000.00971
100000.009514
100000.009318
100000.009122
100000.008926
100000.00873
100000.008534
100000.008337
100000.008141
100000.007945
100000.007749
100000.007553
100000.007357
100000.00716
100000.006964
100000.006768
100000.006572
100000.006376
100000.00618
100000.005984
100000.005787
100000.005591
100000.005395
100000.005199
100000.005003
100000.004807
100000.00461
100000.004414
100000.004218
100000.004022
100000.003826
100000.003629
100000.003433
100000.003237
100000.003041
100000.002845
100000.002649
100000.002452
100000.002256
100000.00206
100000.001864
100000.001668
100000.001471
100000.001275
100000.001079
100000.000883
100000.000687
100000.00049
100000.000294
100000.000098
)
;
    }
    frontAndBack
    {
        type            empty;
    }
}


// ************************************************************************* //
