/*--------------------------------*- C++ -*----------------------------------*\
  =========                 |
  \\      /  F ield         | OpenFOAM: The Open Source CFD Toolbox
   \\    /   O peration     | Website:  https://openfoam.org
    \\  /    A nd           | Version:  dev
     \\/     M anipulation  |
\*---------------------------------------------------------------------------*/
FoamFile
{
    version     2.0;
    format      ascii;
    class       volScalarField;
    location    "0";
    object      T;
}
// * * * * * * * * * * * * * * * * * * * * * * * * * * * * * * * * * * * * * //

dimensions      [ 0 0 0 1 0 0 0 ];

internalField   nonuniform List<scalar> 
3000
(
292.999999889
292.999999886
292.999999884
292.999999883
292.999999882
292.999999883
292.999999883
292.999999883
292.999999883
292.999999883
292.999999884
292.999999884
292.999999884
292.999999884
292.999999884
292.99999965
292.999999649
292.999999648
292.999999648
292.999999648
292.999999648
292.999999648
292.999999648
292.999999649
292.999999649
292.99999965
292.99999965
292.99999965
292.99999965
292.99999965
292.999999418
292.999999417
292.999999416
292.999999415
292.999999415
292.999999414
292.999999414
292.999999414
292.999999415
292.999999415
292.999999415
292.999999416
292.999999416
292.999999416
292.999999416
292.999999184
292.999999183
292.999999183
292.999999182
292.999999182
292.999999181
292.999999181
292.999999181
292.999999181
292.999999181
292.999999181
292.999999181
292.999999181
292.999999181
292.999999181
292.99999895
292.99999895
292.999998949
292.999998949
292.999998948
292.999998948
292.999998947
292.999998947
292.999998947
292.999998947
292.999998947
292.999998947
292.999998947
292.999998947
292.999998947
292.999998716
292.999998716
292.999998716
292.999998715
292.999998715
292.999998714
292.999998714
292.999998713
292.999998713
292.999998713
292.999998713
292.999998713
292.999998713
292.999998713
292.999998713
292.999998482
292.999998482
292.999998482
292.999998481
292.999998481
292.999998481
292.99999848
292.99999848
292.999998479
292.999998479
292.999998479
292.999998479
292.999998479
292.999998478
292.999998478
292.999998248
292.999998248
292.999998248
292.999998247
292.999998247
292.999998247
292.999998246
292.999998246
292.999998246
292.999998245
292.999998245
292.999998245
292.999998245
292.999998245
292.999998244
292.999998014
292.999998014
292.999998014
292.999998013
292.999998013
292.999998013
292.999998013
292.999998012
292.999998012
292.999998012
292.999998011
292.999998011
292.999998011
292.999998011
292.999998011
292.99999778
292.99999778
292.999997779
292.999997779
292.999997779
292.999997779
292.999997779
292.999997778
292.999997778
292.999997778
292.999997778
292.999997777
292.999997777
292.999997777
292.999997777
292.999997545
292.999997545
292.999997545
292.999997545
292.999997545
292.999997545
292.999997545
292.999997545
292.999997544
292.999997544
292.999997544
292.999997544
292.999997543
292.999997543
292.999997543
292.999997311
292.999997311
292.999997311
292.999997311
292.999997311
292.999997311
292.999997311
292.999997311
292.99999731
292.99999731
292.99999731
292.99999731
292.99999731
292.999997309
292.999997309
292.999997077
292.999997077
292.999997077
292.999997077
292.999997077
292.999997077
292.999997077
292.999997077
292.999997077
292.999997076
292.999997076
292.999997076
292.999997076
292.999997076
292.999997076
292.999996843
292.999996843
292.999996843
292.999996843
292.999996843
292.999996843
292.999996843
292.999996843
292.999996843
292.999996843
292.999996842
292.999996842
292.999996842
292.999996842
292.999996842
292.999996609
292.999996609
292.999996609
292.999996609
292.999996609
292.999996609
292.999996609
292.999996609
292.999996609
292.999996609
292.999996609
292.999996608
292.999996608
292.999996608
292.999996608
292.999996375
292.999996375
292.999996375
292.999996375
292.999996375
292.999996375
292.999996375
292.999996375
292.999996375
292.999996375
292.999996375
292.999996375
292.999996375
292.999996375
292.999996374
292.999996141
292.999996141
292.999996141
292.999996141
292.999996141
292.999996141
292.999996141
292.999996141
292.999996141
292.999996141
292.999996141
292.999996141
292.999996141
292.999996141
292.999996141
292.999995908
292.999995908
292.999995907
292.999995907
292.999995907
292.999995907
292.999995907
292.999995907
292.999995907
292.999995907
292.999995907
292.999995907
292.999995907
292.999995907
292.999995907
292.999995674
292.999995674
292.999995674
292.999995674
292.999995674
292.999995674
292.999995673
292.999995673
292.999995673
292.999995673
292.999995673
292.999995673
292.999995673
292.999995673
292.999995673
292.99999544
292.99999544
292.99999544
292.99999544
292.99999544
292.99999544
292.99999544
292.99999544
292.99999544
292.999995439
292.999995439
292.999995439
292.999995439
292.999995439
292.999995439
292.999995206
292.999995206
292.999995206
292.999995206
292.999995206
292.999995206
292.999995206
292.999995206
292.999995206
292.999995206
292.999995206
292.999995206
292.999995206
292.999995206
292.999995206
292.999994972
292.999994972
292.999994972
292.999994972
292.999994972
292.999994972
292.999994972
292.999994972
292.999994972
292.999994972
292.999994972
292.999994972
292.999994972
292.999994972
292.999994972
292.999994738
292.999994738
292.999994738
292.999994738
292.999994738
292.999994738
292.999994738
292.999994738
292.999994738
292.999994738
292.999994738
292.999994738
292.999994738
292.999994738
292.999994738
292.999994504
292.999994504
292.999994504
292.999994504
292.999994504
292.999994504
292.999994504
292.999994504
292.999994504
292.999994504
292.999994504
292.999994504
292.999994504
292.999994504
292.999994504
292.99999427
292.99999427
292.99999427
292.99999427
292.99999427
292.99999427
292.99999427
292.99999427
292.99999427
292.99999427
292.99999427
292.99999427
292.99999427
292.99999427
292.99999427
292.999994036
292.999994036
292.999994036
292.999994036
292.999994036
292.999994036
292.999994036
292.999994036
292.999994036
292.999994036
292.999994036
292.999994036
292.999994036
292.999994036
292.999994036
292.999993803
292.999993803
292.999993803
292.999993803
292.999993803
292.999993803
292.999993803
292.999993803
292.999993803
292.999993803
292.999993803
292.999993803
292.999993803
292.999993803
292.999993803
292.999993569
292.999993569
292.999993569
292.999993569
292.999993569
292.999993569
292.999993569
292.999993569
292.999993569
292.999993569
292.999993569
292.999993569
292.999993569
292.999993569
292.999993569
292.999993335
292.999993335
292.999993335
292.999993335
292.999993335
292.999993335
292.999993335
292.999993335
292.999993335
292.999993335
292.999993335
292.999993335
292.999993335
292.999993335
292.999993335
292.999993101
292.999993101
292.999993101
292.999993101
292.999993101
292.999993101
292.999993101
292.999993101
292.999993101
292.999993101
292.999993101
292.999993101
292.999993101
292.999993101
292.999993101
292.999992867
292.999992867
292.999992867
292.999992867
292.999992867
292.999992867
292.999992867
292.999992867
292.999992867
292.999992867
292.999992867
292.999992867
292.999992867
292.999992867
292.999992867
292.999992633
292.999992633
292.999992633
292.999992633
292.999992633
292.999992633
292.999992633
292.999992633
292.999992633
292.999992633
292.999992633
292.999992633
292.999992633
292.999992633
292.999992633
292.999992399
292.999992399
292.999992399
292.999992399
292.999992399
292.999992399
292.999992399
292.999992399
292.999992399
292.999992399
292.999992399
292.999992399
292.999992399
292.999992399
292.999992399
292.999992166
292.999992166
292.999992166
292.999992166
292.999992166
292.999992166
292.999992166
292.999992166
292.999992166
292.999992166
292.999992166
292.999992166
292.999992166
292.999992166
292.999992166
292.999991932
292.999991932
292.999991932
292.999991932
292.999991932
292.999991932
292.999991932
292.999991932
292.999991932
292.999991932
292.999991932
292.999991932
292.999991932
292.999991932
292.999991932
292.999991698
292.999991698
292.999991698
292.999991698
292.999991698
292.999991698
292.999991698
292.999991698
292.999991698
292.999991698
292.999991698
292.999991698
292.999991698
292.999991698
292.999991698
292.999991464
292.999991464
292.999991464
292.999991464
292.999991464
292.999991464
292.999991464
292.999991464
292.999991464
292.999991464
292.999991464
292.999991464
292.999991464
292.999991464
292.999991464
292.99999123
292.99999123
292.99999123
292.99999123
292.99999123
292.99999123
292.99999123
292.99999123
292.99999123
292.99999123
292.99999123
292.99999123
292.99999123
292.99999123
292.99999123
292.999990996
292.999990996
292.999990996
292.999990996
292.999990996
292.999990996
292.999990996
292.999990996
292.999990996
292.999990996
292.999990996
292.999990996
292.999990996
292.999990996
292.999990996
292.999990763
292.999990763
292.999990763
292.999990763
292.999990763
292.999990763
292.999990763
292.999990762
292.999990762
292.999990762
292.999990762
292.999990762
292.999990762
292.999990762
292.999990762
292.999990529
292.999990529
292.999990529
292.999990529
292.999990529
292.999990529
292.999990529
292.999990529
292.999990529
292.999990529
292.999990529
292.999990529
292.999990529
292.999990529
292.999990529
292.999990295
292.999990295
292.999990295
292.999990295
292.999990295
292.999990295
292.999990295
292.999990295
292.999990295
292.999990295
292.999990295
292.999990295
292.999990295
292.999990295
292.999990295
292.999990061
292.999990061
292.999990061
292.999990061
292.999990061
292.999990061
292.999990061
292.999990061
292.999990061
292.999990061
292.999990061
292.999990061
292.999990061
292.999990061
292.999990061
292.999989827
292.999989827
292.999989827
292.999989827
292.999989827
292.999989827
292.999989827
292.999989827
292.999989827
292.999989827
292.999989827
292.999989827
292.999989827
292.999989827
292.999989827
292.999989593
292.999989593
292.999989593
292.999989593
292.999989593
292.999989593
292.999989593
292.999989593
292.999989593
292.999989593
292.999989593
292.999989593
292.999989593
292.999989593
292.999989593
292.999989359
292.999989359
292.999989359
292.999989359
292.999989359
292.999989359
292.999989359
292.999989359
292.999989359
292.999989359
292.999989359
292.999989359
292.999989359
292.999989359
292.999989359
292.999989126
292.999989126
292.999989126
292.999989126
292.999989126
292.999989126
292.999989126
292.999989126
292.999989126
292.999989126
292.999989126
292.999989126
292.999989126
292.999989126
292.999989126
292.999988892
292.999988892
292.999988892
292.999988892
292.999988892
292.999988892
292.999988892
292.999988892
292.999988892
292.999988892
292.999988892
292.999988892
292.999988892
292.999988892
292.999988892
292.999988658
292.999988658
292.999988658
292.999988658
292.999988658
292.999988658
292.999988658
292.999988658
292.999988658
292.999988658
292.999988658
292.999988658
292.999988658
292.999988658
292.999988658
292.999988424
292.999988424
292.999988424
292.999988424
292.999988424
292.999988424
292.999988424
292.999988424
292.999988424
292.999988424
292.999988424
292.999988424
292.999988424
292.999988424
292.999988424
292.99998819
292.99998819
292.99998819
292.99998819
292.99998819
292.99998819
292.99998819
292.99998819
292.99998819
292.99998819
292.99998819
292.99998819
292.99998819
292.99998819
292.99998819
292.999987956
292.999987956
292.999987956
292.999987956
292.999987956
292.999987956
292.999987956
292.999987956
292.999987956
292.999987956
292.999987956
292.999987956
292.999987956
292.999987956
292.999987956
292.999987722
292.999987722
292.999987722
292.999987722
292.999987722
292.999987722
292.999987722
292.999987722
292.999987722
292.999987722
292.999987722
292.999987722
292.999987722
292.999987722
292.999987722
292.999987489
292.999987489
292.999987489
292.999987489
292.999987489
292.999987489
292.999987489
292.999987489
292.999987489
292.999987489
292.999987489
292.999987489
292.999987489
292.999987489
292.999987489
292.999987255
292.999987255
292.999987255
292.999987255
292.999987255
292.999987255
292.999987255
292.999987255
292.999987255
292.999987255
292.999987255
292.999987255
292.999987255
292.999987255
292.999987255
292.999987021
292.999987021
292.999987021
292.999987021
292.999987021
292.999987021
292.999987021
292.999987021
292.999987021
292.999987021
292.999987021
292.999987021
292.999987021
292.999987021
292.999987021
292.999986787
292.999986787
292.999986787
292.999986787
292.999986787
292.999986787
292.999986787
292.999986787
292.999986787
292.999986787
292.999986787
292.999986787
292.999986787
292.999986787
292.999986787
292.999986553
292.999986553
292.999986553
292.999986553
292.999986553
292.999986553
292.999986553
292.999986553
292.999986553
292.999986553
292.999986553
292.999986553
292.999986553
292.999986553
292.999986553
292.999986319
292.999986319
292.999986319
292.999986319
292.999986319
292.999986319
292.999986319
292.999986319
292.999986319
292.999986319
292.999986319
292.999986319
292.999986319
292.999986319
292.999986319
292.999986086
292.999986086
292.999986086
292.999986086
292.999986086
292.999986086
292.999986086
292.999986086
292.999986086
292.999986086
292.999986086
292.999986086
292.999986086
292.999986086
292.999986086
292.999985852
292.999985852
292.999985852
292.999985852
292.999985852
292.999985852
292.999985852
292.999985852
292.999985852
292.999985852
292.999985852
292.999985852
292.999985852
292.999985852
292.999985852
292.999985618
292.999985618
292.999985618
292.999985618
292.999985618
292.999985618
292.999985618
292.999985618
292.999985618
292.999985618
292.999985618
292.999985618
292.999985618
292.999985618
292.999985618
292.999985384
292.999985384
292.999985384
292.999985384
292.999985384
292.999985384
292.999985384
292.999985384
292.999985384
292.999985384
292.999985384
292.999985384
292.999985384
292.999985384
292.999985384
292.99998515
292.99998515
292.99998515
292.99998515
292.99998515
292.99998515
292.99998515
292.99998515
292.99998515
292.99998515
292.99998515
292.99998515
292.99998515
292.99998515
292.99998515
292.999984916
292.999984916
292.999984916
292.999984916
292.999984916
292.999984916
292.999984916
292.999984916
292.999984916
292.999984916
292.999984916
292.999984916
292.999984916
292.999984916
292.999984916
292.999984682
292.999984682
292.999984682
292.999984682
292.999984682
292.999984682
292.999984682
292.999984682
292.999984682
292.999984682
292.999984682
292.999984682
292.999984682
292.999984682
292.999984682
292.999984449
292.999984449
292.999984449
292.999984449
292.999984449
292.999984449
292.999984449
292.999984449
292.999984449
292.999984449
292.999984449
292.999984449
292.999984449
292.999984449
292.999984449
292.999984215
292.999984215
292.999984215
292.999984215
292.999984215
292.999984215
292.999984215
292.999984215
292.999984215
292.999984215
292.999984215
292.999984215
292.999984215
292.999984215
292.999984215
292.999983981
292.999983981
292.999983981
292.999983981
292.999983981
292.999983981
292.999983981
292.999983981
292.999983981
292.999983981
292.999983981
292.999983981
292.999983981
292.999983981
292.999983981
292.999983747
292.999983747
292.999983747
292.999983747
292.999983747
292.999983747
292.999983747
292.999983747
292.999983747
292.999983747
292.999983747
292.999983747
292.999983747
292.999983747
292.999983747
292.999983513
292.999983513
292.999983513
292.999983513
292.999983513
292.999983513
292.999983513
292.999983513
292.999983513
292.999983513
292.999983513
292.999983513
292.999983513
292.999983513
292.999983513
292.999983279
292.999983279
292.999983279
292.999983279
292.999983279
292.999983279
292.999983279
292.999983279
292.999983279
292.999983279
292.999983279
292.999983279
292.999983279
292.999983279
292.999983279
292.999983045
292.999983045
292.999983045
292.999983045
292.999983045
292.999983045
292.999983045
292.999983045
292.999983045
292.999983045
292.999983045
292.999983045
292.999983045
292.999983045
292.999983045
292.999982812
292.999982812
292.999982812
292.999982812
292.999982812
292.999982812
292.999982812
292.999982812
292.999982812
292.999982812
292.999982812
292.999982812
292.999982812
292.999982812
292.999982812
292.999982578
292.999982578
292.999982578
292.999982578
292.999982578
292.999982578
292.999982578
292.999982578
292.999982578
292.999982578
292.999982578
292.999982578
292.999982578
292.999982578
292.999982578
292.999982344
292.999982344
292.999982344
292.999982344
292.999982344
292.999982344
292.999982344
292.999982344
292.999982344
292.999982344
292.999982344
292.999982344
292.999982344
292.999982344
292.999982344
292.99998211
292.99998211
292.99998211
292.99998211
292.99998211
292.99998211
292.99998211
292.99998211
292.99998211
292.99998211
292.99998211
292.99998211
292.99998211
292.99998211
292.99998211
292.999981876
292.999981876
292.999981876
292.999981876
292.999981876
292.999981876
292.999981876
292.999981876
292.999981876
292.999981876
292.999981876
292.999981876
292.999981876
292.999981876
292.999981876
292.999981642
292.999981642
292.999981642
292.999981642
292.999981642
292.999981642
292.999981642
292.999981642
292.999981642
292.999981642
292.999981642
292.999981642
292.999981642
292.999981642
292.999981642
292.999981409
292.999981409
292.999981409
292.999981409
292.999981409
292.999981409
292.999981409
292.999981409
292.999981409
292.999981409
292.999981409
292.999981409
292.999981409
292.999981409
292.999981409
292.999981175
292.999981175
292.999981175
292.999981175
292.999981175
292.999981175
292.999981175
292.999981175
292.999981175
292.999981175
292.999981175
292.999981175
292.999981175
292.999981175
292.999981175
292.999980941
292.999980941
292.999980941
292.999980941
292.999980941
292.999980941
292.999980941
292.999980941
292.999980941
292.999980941
292.999980941
292.999980941
292.999980941
292.999980941
292.999980941
292.999980707
292.999980707
292.999980707
292.999980707
292.999980707
292.999980707
292.999980707
292.999980707
292.999980707
292.999980707
292.999980707
292.999980707
292.999980707
292.999980707
292.999980707
292.999980473
292.999980473
292.999980473
292.999980473
292.999980473
292.999980473
292.999980473
292.999980473
292.999980473
292.999980473
292.999980473
292.999980473
292.999980473
292.999980473
292.999980473
292.999980239
292.999980239
292.999980239
292.999980239
292.999980239
292.999980239
292.999980239
292.999980239
292.999980239
292.999980239
292.999980239
292.999980239
292.999980239
292.999980239
292.999980239
292.999980005
292.999980005
292.999980005
292.999980005
292.999980005
292.999980005
292.999980005
292.999980005
292.999980005
292.999980005
292.999980005
292.999980005
292.999980005
292.999980005
292.999980005
292.999979772
292.999979772
292.999979772
292.999979772
292.999979772
292.999979772
292.999979772
292.999979772
292.999979772
292.999979772
292.999979772
292.999979772
292.999979772
292.999979772
292.999979772
292.999979538
292.999979538
292.999979538
292.999979538
292.999979538
292.999979538
292.999979538
292.999979538
292.999979538
292.999979538
292.999979538
292.999979538
292.999979538
292.999979538
292.999979538
292.999979304
292.999979304
292.999979304
292.999979304
292.999979304
292.999979304
292.999979304
292.999979304
292.999979304
292.999979304
292.999979304
292.999979304
292.999979304
292.999979304
292.999979304
292.99997907
292.99997907
292.99997907
292.99997907
292.99997907
292.99997907
292.99997907
292.99997907
292.99997907
292.99997907
292.99997907
292.99997907
292.99997907
292.99997907
292.99997907
292.999978836
292.999978836
292.999978836
292.999978836
292.999978836
292.999978836
292.999978836
292.999978836
292.999978836
292.999978836
292.999978836
292.999978836
292.999978836
292.999978836
292.999978836
292.999978602
292.999978602
292.999978602
292.999978602
292.999978602
292.999978602
292.999978602
292.999978602
292.999978602
292.999978602
292.999978602
292.999978602
292.999978602
292.999978602
292.999978602
292.999978368
292.999978368
292.999978368
292.999978368
292.999978368
292.999978368
292.999978368
292.999978368
292.999978368
292.999978368
292.999978368
292.999978368
292.999978368
292.999978368
292.999978368
292.999978135
292.999978135
292.999978135
292.999978135
292.999978135
292.999978135
292.999978135
292.999978135
292.999978135
292.999978135
292.999978135
292.999978135
292.999978135
292.999978135
292.999978135
292.999977901
292.999977901
292.999977901
292.999977901
292.999977901
292.999977901
292.999977901
292.999977901
292.999977901
292.999977901
292.999977901
292.999977901
292.999977901
292.999977901
292.999977901
292.999977667
292.999977667
292.999977667
292.999977667
292.999977667
292.999977667
292.999977667
292.999977667
292.999977667
292.999977667
292.999977667
292.999977667
292.999977667
292.999977667
292.999977667
292.999977433
292.999977433
292.999977433
292.999977433
292.999977433
292.999977433
292.999977433
292.999977433
292.999977433
292.999977433
292.999977433
292.999977433
292.999977433
292.999977433
292.999977433
292.999977199
292.999977199
292.999977199
292.999977199
292.999977199
292.999977199
292.999977199
292.999977199
292.999977199
292.999977199
292.999977199
292.999977199
292.999977199
292.999977199
292.999977199
292.999976965
292.999976965
292.999976965
292.999976965
292.999976965
292.999976965
292.999976965
292.999976965
292.999976965
292.999976965
292.999976965
292.999976965
292.999976965
292.999976965
292.999976965
292.999976731
292.999976731
292.999976731
292.999976731
292.999976731
292.999976731
292.999976731
292.999976731
292.999976731
292.999976731
292.999976731
292.999976731
292.999976731
292.999976731
292.999976731
292.999999884
292.999999884
292.999999884
292.999999884
292.999999884
292.999999883
292.999999883
292.999999883
292.999999883
292.999999883
292.999999882
292.999999883
292.999999884
292.999999886
292.999999889
292.99999965
292.99999965
292.99999965
292.99999965
292.99999965
292.999999649
292.999999649
292.999999648
292.999999648
292.999999648
292.999999648
292.999999648
292.999999648
292.999999649
292.99999965
292.999999416
292.999999416
292.999999416
292.999999416
292.999999415
292.999999415
292.999999415
292.999999414
292.999999414
292.999999414
292.999999415
292.999999415
292.999999416
292.999999417
292.999999418
292.999999181
292.999999181
292.999999181
292.999999181
292.999999181
292.999999181
292.999999181
292.999999181
292.999999181
292.999999181
292.999999182
292.999999182
292.999999183
292.999999183
292.999999184
292.999998947
292.999998947
292.999998947
292.999998947
292.999998947
292.999998947
292.999998947
292.999998947
292.999998947
292.999998948
292.999998948
292.999998949
292.999998949
292.99999895
292.99999895
292.999998713
292.999998713
292.999998713
292.999998713
292.999998713
292.999998713
292.999998713
292.999998713
292.999998714
292.999998714
292.999998715
292.999998715
292.999998716
292.999998716
292.999998716
292.999998478
292.999998478
292.999998479
292.999998479
292.999998479
292.999998479
292.999998479
292.99999848
292.99999848
292.999998481
292.999998481
292.999998481
292.999998482
292.999998482
292.999998482
292.999998244
292.999998245
292.999998245
292.999998245
292.999998245
292.999998245
292.999998246
292.999998246
292.999998246
292.999998247
292.999998247
292.999998247
292.999998248
292.999998248
292.999998248
292.999998011
292.999998011
292.999998011
292.999998011
292.999998011
292.999998012
292.999998012
292.999998012
292.999998013
292.999998013
292.999998013
292.999998013
292.999998014
292.999998014
292.999998014
292.999997777
292.999997777
292.999997777
292.999997777
292.999997778
292.999997778
292.999997778
292.999997778
292.999997779
292.999997779
292.999997779
292.999997779
292.999997779
292.99999778
292.99999778
292.999997543
292.999997543
292.999997543
292.999997544
292.999997544
292.999997544
292.999997544
292.999997545
292.999997545
292.999997545
292.999997545
292.999997545
292.999997545
292.999997545
292.999997545
292.999997309
292.999997309
292.99999731
292.99999731
292.99999731
292.99999731
292.99999731
292.999997311
292.999997311
292.999997311
292.999997311
292.999997311
292.999997311
292.999997311
292.999997311
292.999997076
292.999997076
292.999997076
292.999997076
292.999997076
292.999997076
292.999997077
292.999997077
292.999997077
292.999997077
292.999997077
292.999997077
292.999997077
292.999997077
292.999997077
292.999996842
292.999996842
292.999996842
292.999996842
292.999996842
292.999996843
292.999996843
292.999996843
292.999996843
292.999996843
292.999996843
292.999996843
292.999996843
292.999996843
292.999996843
292.999996608
292.999996608
292.999996608
292.999996608
292.999996609
292.999996609
292.999996609
292.999996609
292.999996609
292.999996609
292.999996609
292.999996609
292.999996609
292.999996609
292.999996609
292.999996374
292.999996375
292.999996375
292.999996375
292.999996375
292.999996375
292.999996375
292.999996375
292.999996375
292.999996375
292.999996375
292.999996375
292.999996375
292.999996375
292.999996375
292.999996141
292.999996141
292.999996141
292.999996141
292.999996141
292.999996141
292.999996141
292.999996141
292.999996141
292.999996141
292.999996141
292.999996141
292.999996141
292.999996141
292.999996141
292.999995907
292.999995907
292.999995907
292.999995907
292.999995907
292.999995907
292.999995907
292.999995907
292.999995907
292.999995907
292.999995907
292.999995907
292.999995907
292.999995908
292.999995908
292.999995673
292.999995673
292.999995673
292.999995673
292.999995673
292.999995673
292.999995673
292.999995673
292.999995673
292.999995674
292.999995674
292.999995674
292.999995674
292.999995674
292.999995674
292.999995439
292.999995439
292.999995439
292.999995439
292.999995439
292.999995439
292.99999544
292.99999544
292.99999544
292.99999544
292.99999544
292.99999544
292.99999544
292.99999544
292.99999544
292.999995206
292.999995206
292.999995206
292.999995206
292.999995206
292.999995206
292.999995206
292.999995206
292.999995206
292.999995206
292.999995206
292.999995206
292.999995206
292.999995206
292.999995206
292.999994972
292.999994972
292.999994972
292.999994972
292.999994972
292.999994972
292.999994972
292.999994972
292.999994972
292.999994972
292.999994972
292.999994972
292.999994972
292.999994972
292.999994972
292.999994738
292.999994738
292.999994738
292.999994738
292.999994738
292.999994738
292.999994738
292.999994738
292.999994738
292.999994738
292.999994738
292.999994738
292.999994738
292.999994738
292.999994738
292.999994504
292.999994504
292.999994504
292.999994504
292.999994504
292.999994504
292.999994504
292.999994504
292.999994504
292.999994504
292.999994504
292.999994504
292.999994504
292.999994504
292.999994504
292.99999427
292.99999427
292.99999427
292.99999427
292.99999427
292.99999427
292.99999427
292.99999427
292.99999427
292.99999427
292.99999427
292.99999427
292.99999427
292.99999427
292.99999427
292.999994036
292.999994036
292.999994036
292.999994036
292.999994036
292.999994036
292.999994036
292.999994036
292.999994036
292.999994036
292.999994036
292.999994036
292.999994036
292.999994036
292.999994036
292.999993803
292.999993803
292.999993803
292.999993803
292.999993803
292.999993803
292.999993803
292.999993803
292.999993803
292.999993803
292.999993803
292.999993803
292.999993803
292.999993803
292.999993803
292.999993569
292.999993569
292.999993569
292.999993569
292.999993569
292.999993569
292.999993569
292.999993569
292.999993569
292.999993569
292.999993569
292.999993569
292.999993569
292.999993569
292.999993569
292.999993335
292.999993335
292.999993335
292.999993335
292.999993335
292.999993335
292.999993335
292.999993335
292.999993335
292.999993335
292.999993335
292.999993335
292.999993335
292.999993335
292.999993335
292.999993101
292.999993101
292.999993101
292.999993101
292.999993101
292.999993101
292.999993101
292.999993101
292.999993101
292.999993101
292.999993101
292.999993101
292.999993101
292.999993101
292.999993101
292.999992867
292.999992867
292.999992867
292.999992867
292.999992867
292.999992867
292.999992867
292.999992867
292.999992867
292.999992867
292.999992867
292.999992867
292.999992867
292.999992867
292.999992867
292.999992633
292.999992633
292.999992633
292.999992633
292.999992633
292.999992633
292.999992633
292.999992633
292.999992633
292.999992633
292.999992633
292.999992633
292.999992633
292.999992633
292.999992633
292.999992399
292.999992399
292.999992399
292.999992399
292.999992399
292.999992399
292.999992399
292.999992399
292.999992399
292.999992399
292.999992399
292.999992399
292.999992399
292.999992399
292.999992399
292.999992166
292.999992166
292.999992166
292.999992166
292.999992166
292.999992166
292.999992166
292.999992166
292.999992166
292.999992166
292.999992166
292.999992166
292.999992166
292.999992166
292.999992166
292.999991932
292.999991932
292.999991932
292.999991932
292.999991932
292.999991932
292.999991932
292.999991932
292.999991932
292.999991932
292.999991932
292.999991932
292.999991932
292.999991932
292.999991932
292.999991698
292.999991698
292.999991698
292.999991698
292.999991698
292.999991698
292.999991698
292.999991698
292.999991698
292.999991698
292.999991698
292.999991698
292.999991698
292.999991698
292.999991698
292.999991464
292.999991464
292.999991464
292.999991464
292.999991464
292.999991464
292.999991464
292.999991464
292.999991464
292.999991464
292.999991464
292.999991464
292.999991464
292.999991464
292.999991464
292.99999123
292.99999123
292.99999123
292.99999123
292.99999123
292.99999123
292.99999123
292.99999123
292.99999123
292.99999123
292.99999123
292.99999123
292.99999123
292.99999123
292.99999123
292.999990996
292.999990996
292.999990996
292.999990996
292.999990996
292.999990996
292.999990996
292.999990996
292.999990996
292.999990996
292.999990996
292.999990996
292.999990996
292.999990996
292.999990996
292.999990762
292.999990762
292.999990762
292.999990762
292.999990762
292.999990762
292.999990762
292.999990762
292.999990763
292.999990763
292.999990763
292.999990763
292.999990763
292.999990763
292.999990763
292.999990529
292.999990529
292.999990529
292.999990529
292.999990529
292.999990529
292.999990529
292.999990529
292.999990529
292.999990529
292.999990529
292.999990529
292.999990529
292.999990529
292.999990529
292.999990295
292.999990295
292.999990295
292.999990295
292.999990295
292.999990295
292.999990295
292.999990295
292.999990295
292.999990295
292.999990295
292.999990295
292.999990295
292.999990295
292.999990295
292.999990061
292.999990061
292.999990061
292.999990061
292.999990061
292.999990061
292.999990061
292.999990061
292.999990061
292.999990061
292.999990061
292.999990061
292.999990061
292.999990061
292.999990061
292.999989827
292.999989827
292.999989827
292.999989827
292.999989827
292.999989827
292.999989827
292.999989827
292.999989827
292.999989827
292.999989827
292.999989827
292.999989827
292.999989827
292.999989827
292.999989593
292.999989593
292.999989593
292.999989593
292.999989593
292.999989593
292.999989593
292.999989593
292.999989593
292.999989593
292.999989593
292.999989593
292.999989593
292.999989593
292.999989593
292.999989359
292.999989359
292.999989359
292.999989359
292.999989359
292.999989359
292.999989359
292.999989359
292.999989359
292.999989359
292.999989359
292.999989359
292.999989359
292.999989359
292.999989359
292.999989126
292.999989126
292.999989126
292.999989126
292.999989126
292.999989126
292.999989126
292.999989126
292.999989126
292.999989126
292.999989126
292.999989126
292.999989126
292.999989126
292.999989126
292.999988892
292.999988892
292.999988892
292.999988892
292.999988892
292.999988892
292.999988892
292.999988892
292.999988892
292.999988892
292.999988892
292.999988892
292.999988892
292.999988892
292.999988892
292.999988658
292.999988658
292.999988658
292.999988658
292.999988658
292.999988658
292.999988658
292.999988658
292.999988658
292.999988658
292.999988658
292.999988658
292.999988658
292.999988658
292.999988658
292.999988424
292.999988424
292.999988424
292.999988424
292.999988424
292.999988424
292.999988424
292.999988424
292.999988424
292.999988424
292.999988424
292.999988424
292.999988424
292.999988424
292.999988424
292.99998819
292.99998819
292.99998819
292.99998819
292.99998819
292.99998819
292.99998819
292.99998819
292.99998819
292.99998819
292.99998819
292.99998819
292.99998819
292.99998819
292.99998819
292.999987956
292.999987956
292.999987956
292.999987956
292.999987956
292.999987956
292.999987956
292.999987956
292.999987956
292.999987956
292.999987956
292.999987956
292.999987956
292.999987956
292.999987956
292.999987722
292.999987722
292.999987722
292.999987722
292.999987722
292.999987722
292.999987722
292.999987722
292.999987722
292.999987722
292.999987722
292.999987722
292.999987722
292.999987722
292.999987722
292.999987489
292.999987489
292.999987489
292.999987489
292.999987489
292.999987489
292.999987489
292.999987489
292.999987489
292.999987489
292.999987489
292.999987489
292.999987489
292.999987489
292.999987489
292.999987255
292.999987255
292.999987255
292.999987255
292.999987255
292.999987255
292.999987255
292.999987255
292.999987255
292.999987255
292.999987255
292.999987255
292.999987255
292.999987255
292.999987255
292.999987021
292.999987021
292.999987021
292.999987021
292.999987021
292.999987021
292.999987021
292.999987021
292.999987021
292.999987021
292.999987021
292.999987021
292.999987021
292.999987021
292.999987021
292.999986787
292.999986787
292.999986787
292.999986787
292.999986787
292.999986787
292.999986787
292.999986787
292.999986787
292.999986787
292.999986787
292.999986787
292.999986787
292.999986787
292.999986787
292.999986553
292.999986553
292.999986553
292.999986553
292.999986553
292.999986553
292.999986553
292.999986553
292.999986553
292.999986553
292.999986553
292.999986553
292.999986553
292.999986553
292.999986553
292.999986319
292.999986319
292.999986319
292.999986319
292.999986319
292.999986319
292.999986319
292.999986319
292.999986319
292.999986319
292.999986319
292.999986319
292.999986319
292.999986319
292.999986319
292.999986086
292.999986086
292.999986086
292.999986086
292.999986086
292.999986086
292.999986086
292.999986086
292.999986086
292.999986086
292.999986086
292.999986086
292.999986086
292.999986086
292.999986086
292.999985852
292.999985852
292.999985852
292.999985852
292.999985852
292.999985852
292.999985852
292.999985852
292.999985852
292.999985852
292.999985852
292.999985852
292.999985852
292.999985852
292.999985852
292.999985618
292.999985618
292.999985618
292.999985618
292.999985618
292.999985618
292.999985618
292.999985618
292.999985618
292.999985618
292.999985618
292.999985618
292.999985618
292.999985618
292.999985618
292.999985384
292.999985384
292.999985384
292.999985384
292.999985384
292.999985384
292.999985384
292.999985384
292.999985384
292.999985384
292.999985384
292.999985384
292.999985384
292.999985384
292.999985384
292.99998515
292.99998515
292.99998515
292.99998515
292.99998515
292.99998515
292.99998515
292.99998515
292.99998515
292.99998515
292.99998515
292.99998515
292.99998515
292.99998515
292.99998515
292.999984916
292.999984916
292.999984916
292.999984916
292.999984916
292.999984916
292.999984916
292.999984916
292.999984916
292.999984916
292.999984916
292.999984916
292.999984916
292.999984916
292.999984916
292.999984682
292.999984682
292.999984682
292.999984682
292.999984682
292.999984682
292.999984682
292.999984682
292.999984682
292.999984682
292.999984682
292.999984682
292.999984682
292.999984682
292.999984682
292.999984449
292.999984449
292.999984449
292.999984449
292.999984449
292.999984449
292.999984449
292.999984449
292.999984449
292.999984449
292.999984449
292.999984449
292.999984449
292.999984449
292.999984449
292.999984215
292.999984215
292.999984215
292.999984215
292.999984215
292.999984215
292.999984215
292.999984215
292.999984215
292.999984215
292.999984215
292.999984215
292.999984215
292.999984215
292.999984215
292.999983981
292.999983981
292.999983981
292.999983981
292.999983981
292.999983981
292.999983981
292.999983981
292.999983981
292.999983981
292.999983981
292.999983981
292.999983981
292.999983981
292.999983981
292.999983747
292.999983747
292.999983747
292.999983747
292.999983747
292.999983747
292.999983747
292.999983747
292.999983747
292.999983747
292.999983747
292.999983747
292.999983747
292.999983747
292.999983747
292.999983513
292.999983513
292.999983513
292.999983513
292.999983513
292.999983513
292.999983513
292.999983513
292.999983513
292.999983513
292.999983513
292.999983513
292.999983513
292.999983513
292.999983513
292.999983279
292.999983279
292.999983279
292.999983279
292.999983279
292.999983279
292.999983279
292.999983279
292.999983279
292.999983279
292.999983279
292.999983279
292.999983279
292.999983279
292.999983279
292.999983045
292.999983045
292.999983045
292.999983045
292.999983045
292.999983045
292.999983045
292.999983045
292.999983045
292.999983045
292.999983045
292.999983045
292.999983045
292.999983045
292.999983045
292.999982812
292.999982812
292.999982812
292.999982812
292.999982812
292.999982812
292.999982812
292.999982812
292.999982812
292.999982812
292.999982812
292.999982812
292.999982812
292.999982812
292.999982812
292.999982578
292.999982578
292.999982578
292.999982578
292.999982578
292.999982578
292.999982578
292.999982578
292.999982578
292.999982578
292.999982578
292.999982578
292.999982578
292.999982578
292.999982578
292.999982344
292.999982344
292.999982344
292.999982344
292.999982344
292.999982344
292.999982344
292.999982344
292.999982344
292.999982344
292.999982344
292.999982344
292.999982344
292.999982344
292.999982344
292.99998211
292.99998211
292.99998211
292.99998211
292.99998211
292.99998211
292.99998211
292.99998211
292.99998211
292.99998211
292.99998211
292.99998211
292.99998211
292.99998211
292.99998211
292.999981876
292.999981876
292.999981876
292.999981876
292.999981876
292.999981876
292.999981876
292.999981876
292.999981876
292.999981876
292.999981876
292.999981876
292.999981876
292.999981876
292.999981876
292.999981642
292.999981642
292.999981642
292.999981642
292.999981642
292.999981642
292.999981642
292.999981642
292.999981642
292.999981642
292.999981642
292.999981642
292.999981642
292.999981642
292.999981642
292.999981409
292.999981409
292.999981409
292.999981409
292.999981409
292.999981409
292.999981409
292.999981409
292.999981409
292.999981409
292.999981409
292.999981409
292.999981409
292.999981409
292.999981409
292.999981175
292.999981175
292.999981175
292.999981175
292.999981175
292.999981175
292.999981175
292.999981175
292.999981175
292.999981175
292.999981175
292.999981175
292.999981175
292.999981175
292.999981175
292.999980941
292.999980941
292.999980941
292.999980941
292.999980941
292.999980941
292.999980941
292.999980941
292.999980941
292.999980941
292.999980941
292.999980941
292.999980941
292.999980941
292.999980941
292.999980707
292.999980707
292.999980707
292.999980707
292.999980707
292.999980707
292.999980707
292.999980707
292.999980707
292.999980707
292.999980707
292.999980707
292.999980707
292.999980707
292.999980707
292.999980473
292.999980473
292.999980473
292.999980473
292.999980473
292.999980473
292.999980473
292.999980473
292.999980473
292.999980473
292.999980473
292.999980473
292.999980473
292.999980473
292.999980473
292.999980239
292.999980239
292.999980239
292.999980239
292.999980239
292.999980239
292.999980239
292.999980239
292.999980239
292.999980239
292.999980239
292.999980239
292.999980239
292.999980239
292.999980239
292.999980005
292.999980005
292.999980005
292.999980005
292.999980005
292.999980005
292.999980005
292.999980005
292.999980005
292.999980005
292.999980005
292.999980005
292.999980005
292.999980005
292.999980005
292.999979772
292.999979772
292.999979772
292.999979772
292.999979772
292.999979772
292.999979772
292.999979772
292.999979772
292.999979772
292.999979772
292.999979772
292.999979772
292.999979772
292.999979772
292.999979538
292.999979538
292.999979538
292.999979538
292.999979538
292.999979538
292.999979538
292.999979538
292.999979538
292.999979538
292.999979538
292.999979538
292.999979538
292.999979538
292.999979538
292.999979304
292.999979304
292.999979304
292.999979304
292.999979304
292.999979304
292.999979304
292.999979304
292.999979304
292.999979304
292.999979304
292.999979304
292.999979304
292.999979304
292.999979304
292.99997907
292.99997907
292.99997907
292.99997907
292.99997907
292.99997907
292.99997907
292.99997907
292.99997907
292.99997907
292.99997907
292.99997907
292.99997907
292.99997907
292.99997907
292.999978836
292.999978836
292.999978836
292.999978836
292.999978836
292.999978836
292.999978836
292.999978836
292.999978836
292.999978836
292.999978836
292.999978836
292.999978836
292.999978836
292.999978836
292.999978602
292.999978602
292.999978602
292.999978602
292.999978602
292.999978602
292.999978602
292.999978602
292.999978602
292.999978602
292.999978602
292.999978602
292.999978602
292.999978602
292.999978602
292.999978368
292.999978368
292.999978368
292.999978368
292.999978368
292.999978368
292.999978368
292.999978368
292.999978368
292.999978368
292.999978368
292.999978368
292.999978368
292.999978368
292.999978368
292.999978135
292.999978135
292.999978135
292.999978135
292.999978135
292.999978135
292.999978135
292.999978135
292.999978135
292.999978135
292.999978135
292.999978135
292.999978135
292.999978135
292.999978135
292.999977901
292.999977901
292.999977901
292.999977901
292.999977901
292.999977901
292.999977901
292.999977901
292.999977901
292.999977901
292.999977901
292.999977901
292.999977901
292.999977901
292.999977901
292.999977667
292.999977667
292.999977667
292.999977667
292.999977667
292.999977667
292.999977667
292.999977667
292.999977667
292.999977667
292.999977667
292.999977667
292.999977667
292.999977667
292.999977667
292.999977433
292.999977433
292.999977433
292.999977433
292.999977433
292.999977433
292.999977433
292.999977433
292.999977433
292.999977433
292.999977433
292.999977433
292.999977433
292.999977433
292.999977433
292.999977199
292.999977199
292.999977199
292.999977199
292.999977199
292.999977199
292.999977199
292.999977199
292.999977199
292.999977199
292.999977199
292.999977199
292.999977199
292.999977199
292.999977199
292.999976965
292.999976965
292.999976965
292.999976965
292.999976965
292.999976965
292.999976965
292.999976965
292.999976965
292.999976965
292.999976965
292.999976965
292.999976965
292.999976965
292.999976965
292.999976731
292.999976731
292.999976731
292.999976731
292.999976731
292.999976731
292.999976731
292.999976731
292.999976731
292.999976731
292.999976731
292.999976731
292.999976731
292.999976731
292.999976731
)
;

boundaryField
{
    inlet1
    {
        type            fixedValue;
        value           uniform 293;
    }
    inlet2
    {
        type            fixedValue;
        value           uniform 293;
    }
    outlet
    {
        type            zeroGradient;
    }
    walls
    {
        type            zeroGradient;
    }
    frontAndBack
    {
        type            empty;
    }
}


// ************************************************************************* //
