/*--------------------------------*- C++ -*----------------------------------*\
  =========                 |
  \\      /  F ield         | OpenFOAM: The Open Source CFD Toolbox
   \\    /   O peration     | Website:  https://openfoam.org
    \\  /    A nd           | Version:  dev
     \\/     M anipulation  |
\*---------------------------------------------------------------------------*/
FoamFile
{
    version     2.0;
    format      ascii;
    class       volScalarField;
    location    "0";
    object      k;
}
// * * * * * * * * * * * * * * * * * * * * * * * * * * * * * * * * * * * * * //

dimensions      [ 0 2 -2 0 0 0 0 ];

internalField   nonuniform List<scalar> 
3000
(
4.9100694356e-06
2.32348407402e-06
1.18826490543e-06
6.78607574732e-07
4.39905271564e-07
3.22998989697e-07
2.63105223293e-07
2.3107415877e-07
2.13278008925e-07
2.03080212649e-07
1.97103454225e-07
1.93560172134e-07
1.9147560506e-07
1.90314394351e-07
1.89794374781e-07
6.63463009956e-06
3.74017206353e-06
2.18197566021e-06
1.32777595992e-06
8.486338255e-07
5.74332687833e-07
4.14231068361e-07
3.19149862658e-07
2.61872794747e-07
2.27016383132e-07
2.05705255724e-07
1.92727506552e-07
1.84988066833e-07
1.80661353458e-07
1.78727115736e-07
4.85757280378e-06
3.16569952835e-06
2.08024775735e-06
1.38807434008e-06
9.48716579593e-07
6.67696727364e-07
4.86606628368e-07
3.69368596508e-07
2.93291983349e-07
2.43927377457e-07
2.12034559315e-07
1.91683020141e-07
1.79065762564e-07
1.71798791195e-07
1.68487523344e-07
3.64711962701e-06
2.50993799004e-06
1.75557854394e-06
1.24744383762e-06
8.9881989172e-07
6.58950063152e-07
4.93641263557e-07
3.80227052281e-07
3.02325550217e-07
2.48987609777e-07
2.12797338786e-07
1.88725591988e-07
1.73213038297e-07
1.64006334568e-07
1.59729373746e-07
2.833475447e-06
2.01549834703e-06
1.46035902155e-06
1.07502065905e-06
8.02787600961e-07
6.08481802493e-07
4.69230257994e-07
3.68743232276e-07
2.96569099739e-07
2.45101252108e-07
2.08816289033e-07
1.83705642692e-07
1.67068218763e-07
1.56969193803e-07
1.52207836357e-07
2.35603937464e-06
1.69744776929e-06
1.24989214991e-06
9.37354665606e-07
7.14275529195e-07
5.52513879472e-07
4.34016191546e-07
3.46712050949e-07
2.82384505392e-07
2.35233967387e-07
2.01076833253e-07
1.76874920603e-07
1.6045889075e-07
1.5031224473e-07
1.45472696023e-07
2.06078050136e-06
1.49411040225e-06
1.10825524751e-06
8.38479511034e-07
6.45532036523e-07
5.05008410635e-07
4.01299083731e-07
3.24123866815e-07
2.66527470266e-07
2.2367567179e-07
1.92133999461e-07
1.69433807928e-07
1.53809840394e-07
1.44037313796e-07
1.39339808967e-07
1.88159640873e-06
1.36659449413e-06
1.01589881769e-06
7.70947779754e-07
5.95995683921e-07
4.68680063355e-07
3.74663201006e-07
3.04530275697e-07
2.51953953742e-07
2.12586756984e-07
1.83384807789e-07
1.62192617457e-07
1.4748823734e-07
1.38228193909e-07
1.33756764815e-07
1.77063632827e-06
1.28632291827e-06
9.56267774103e-07
7.25880038755e-07
5.61605581504e-07
4.42313851206e-07
3.54391356608e-07
2.88880450252e-07
2.39769355923e-07
2.02949441455e-07
1.75570002278e-07
1.5563570155e-07
1.41755289392e-07
1.32986433782e-07
1.28742874233e-07
1.70281687713e-06
1.2363108424e-06
9.18228887234e-07
6.96299963374e-07
5.38274134555e-07
4.2375496729e-07
3.39549849488e-07
2.76952377757e-07
2.30112269078e-07
1.95035969275e-07
1.68963415193e-07
1.4997507086e-07
1.36743381676e-07
1.28376887284e-07
1.24325197611e-07
1.66148598174e-06
1.20536851584e-06
8.94200757152e-07
6.77129112834e-07
5.22696650747e-07
4.10950333174e-07
3.28946541251e-07
2.6812050639e-07
2.22705850626e-07
1.88763231032e-07
1.63572198004e-07
1.45245457133e-07
1.32482850412e-07
1.24415382888e-07
1.20508913244e-07
1.63678786211e-06
1.1865312091e-06
8.79235505846e-07
6.6486852042e-07
5.12436276768e-07
4.02245329582e-07
3.21496427488e-07
2.61703967721e-07
2.17144727571e-07
1.83903633542e-07
1.59275377529e-07
1.41383784068e-07
1.2893795703e-07
1.21076711719e-07
1.1727176029e-07
1.6224164677e-06
1.17530757981e-06
8.70074811051e-07
6.57138255077e-07
5.05761447249e-07
3.96396256942e-07
3.16323896182e-07
2.57101553066e-07
2.13027332067e-07
1.8019587795e-07
1.55905917576e-07
1.38282994554e-07
1.26037286132e-07
1.18308618001e-07
1.14569620154e-07
1.61425391919e-06
1.16876171293e-06
8.6456397181e-07
6.52330301589e-07
5.0146561714e-07
3.92501314678e-07
3.12762205711e-07
2.53827860776e-07
2.10006355788e-07
1.77395375594e-07
1.53293204325e-07
1.35823571513e-07
1.23694660788e-07
1.16044687734e-07
1.12345246641e-07
1.60980496993e-06
1.16505849916e-06
8.61318903374e-07
6.49382754183e-07
4.98727323062e-07
3.89924853564e-07
3.1032241785e-07
2.51510598461e-07
2.07801681437e-07
1.75293611312e-07
1.51282870684e-07
1.33890575118e-07
1.21822272594e-07
1.14213976884e-07
1.10535749653e-07
1.60752527702e-06
1.16304935297e-06
8.59457493095e-07
6.4760310336e-07
4.96996214561e-07
3.88227777752e-07
3.08655054384e-07
2.49873450831e-07
2.06196668546e-07
1.73721977582e-07
1.49744035754e-07
1.3238166495e-07
1.20338134784e-07
1.12747522039e-07
1.09078496844e-07
1.60646060799e-06
1.16201860982e-06
8.58421821706e-07
6.46544334523e-07
4.95908182873e-07
3.87111316595e-07
3.07514828666e-07
2.48715816002e-07
2.0502819116e-07
1.72548447217e-07
1.48569875579e-07
1.31209673408e-07
1.19169494883e-07
1.11582014255e-07
1.07914851494e-07
1.60604583154e-06
1.16153307789e-06
8.5786640708e-07
6.45922704597e-07
4.95225835034e-07
3.86375006769e-07
3.06732059603e-07
2.47894346548e-07
2.04175585858e-07
1.71671705654e-07
1.47675174745e-07
1.30302242197e-07
1.18253621498e-07
1.10661164291e-07
1.06991828612e-07
1.60595663553e-06
1.16133785485e-06
8.57582160834e-07
6.45561374557e-07
4.94796723022e-07
3.85886131693e-07
3.0619084247e-07
2.47307910583e-07
2.03550808129e-07
1.7101515951e-07
1.46993041708e-07
1.29600245106e-07
1.17537016378e-07
1.09934820738e-07
1.06260451668e-07
1.60601259342e-06
1.16128690966e-06
8.57445304413e-07
6.45352063057e-07
4.94524291876e-07
3.85557789913e-07
3.05812791188e-07
2.46885913174e-07
2.0309045673e-07
1.70521967224e-07
1.46472439138e-07
1.2905754173e-07
1.16977383507e-07
1.09363366003e-07
1.05682529064e-07
1.60611700824e-06
1.16129899257e-06
8.57384297679e-07
6.45229672083e-07
4.94348242312e-07
3.85333737313e-07
3.05545419573e-07
2.4657954426e-07
2.02749369966e-07
1.7015052867e-07
1.46075099211e-07
1.28638726847e-07
1.16541225076e-07
1.08913110051e-07
1.05219197651e-07
1.60622265089e-06
1.16133193045e-06
8.57359411354e-07
6.45155953249e-07
4.94231411936e-07
3.85177835785e-07
3.0535374413e-07
2.46355198891e-07
2.02495583798e-07
1.69870835426e-07
1.45773458225e-07
1.28319654082e-07
1.16210056747e-07
1.08576634476e-07
1.04887197565e-07
1.6063108459e-06
1.16136584911e-06
8.57349796909e-07
6.45109100859e-07
4.94151196782e-07
3.85066918996e-07
3.05214294471e-07
2.46189331624e-07
2.02305624197e-07
1.69659470062e-07
1.45543812845e-07
1.28075314891e-07
1.15955026933e-07
1.08315153314e-07
1.04623179673e-07
1.60637668158e-06
1.16139292529e-06
8.57345256493e-07
6.45077008108e-07
4.94093957127e-07
3.84986127631e-07
3.05111261257e-07
2.46065406807e-07
2.02162396006e-07
1.69498873127e-07
1.45368167748e-07
1.2788730688e-07
1.15757621859e-07
1.08111443206e-07
1.04416161094e-07
1.60642173361e-06
1.16141131053e-06
8.57341340489e-07
6.45053170018e-07
4.94051517784e-07
3.84925917541e-07
3.05033979507e-07
2.45971850009e-07
2.02053599541e-07
1.69376187656e-07
1.45233283141e-07
1.27742230728e-07
1.15604618541e-07
1.07952943311e-07
1.0425466028e-07
1.60644991723e-06
1.16142180731e-06
8.57336508435e-07
6.4503419477e-07
4.94018972339e-07
3.84880117828e-07
3.04975216482e-07
2.45900543416e-07
2.01970395886e-07
1.69282014365e-07
1.45129365732e-07
1.2763007782e-07
1.15485980373e-07
1.07829751683e-07
1.04128960193e-07
1.60646555193e-06
1.1614261616e-06
8.57330577513e-07
6.45018371178e-07
4.93993348669e-07
3.84844687349e-07
3.04930015159e-07
2.45845748773e-07
2.01906392986e-07
1.69209433768e-07
1.45049096043e-07
1.27543255302e-07
1.15393958807e-07
1.07734057176e-07
1.04031236215e-07
1.60647249258e-06
1.16142622462e-06
8.57323906346e-07
6.4500486487e-07
4.93972812038e-07
3.84816929534e-07
3.04894926775e-07
2.45803361675e-07
2.01856923176e-07
1.69153307304e-07
1.4498695791e-07
1.27475961553e-07
1.15322553378e-07
1.07659735956e-07
1.03955301418e-07
1.60647384403e-06
1.16142364375e-06
8.57316991879e-07
6.44993260146e-07
4.93956180098e-07
3.84794992146e-07
3.04867503216e-07
2.45770403228e-07
2.018185402e-07
1.69109786554e-07
1.44938768378e-07
1.27423748069e-07
1.15267118241e-07
1.07602009963e-07
1.0389630627e-07
1.60647184698e-06
1.16141956916e-06
8.57310228478e-07
6.4498331061e-07
4.93942644166e-07
3.84777560675e-07
3.04845969249e-07
2.45744678756e-07
2.0178867203e-07
1.69075967323e-07
1.44901340034e-07
1.27383196459e-07
1.15224058393e-07
1.07557162763e-07
1.03850467894e-07
1.60646812517e-06
1.16141492307e-06
8.5730394088e-07
6.44974857311e-07
4.93931624824e-07
3.84763674329e-07
3.04829011539e-07
2.45724548486e-07
2.0176538002e-07
1.69049643212e-07
1.44872234187e-07
1.27351675347e-07
1.15190592812e-07
1.07522309169e-07
1.03814843876e-07
1.60646373392e-06
1.16141026824e-06
8.57298311437e-07
6.44967752891e-07
4.93922675326e-07
3.84752606425e-07
3.04815638475e-07
2.45708770683e-07
2.01747189569e-07
1.69029127873e-07
1.44849578274e-07
1.27327155838e-07
1.15164569953e-07
1.07495211666e-07
1.03787149365e-07
1.60645932186e-06
1.16140594183e-06
8.57293420735e-07
6.44961850164e-07
4.93915435753e-07
3.84743792957e-07
3.0480508866e-07
2.4569639424e-07
2.01732970234e-07
1.69013125675e-07
1.4483192981e-07
1.27308071033e-07
1.15144324605e-07
1.07474135759e-07
1.03765611686e-07
1.60645524571e-06
1.16140211268e-06
8.57289273062e-07
6.44956999658e-07
4.93909607317e-07
3.84736787499e-07
3.04796769606e-07
2.45686683773e-07
2.01721849684e-07
1.69000636743e-07
1.44818174482e-07
1.27293208933e-07
1.15128567133e-07
1.07457736912e-07
1.03748855998e-07
1.60645167432e-06
1.16139884007e-06
8.57285824072e-07
6.44953054327e-07
4.93904938655e-07
3.84731232272e-07
3.04790215839e-07
2.45679066666e-07
2.01713151306e-07
1.6899088663e-07
1.44807449395e-07
1.27281630702e-07
1.15116298062e-07
1.07444972626e-07
1.03735816003e-07
1.60644865844e-06
1.16139611573e-06
8.57283002297e-07
6.44949874724e-07
4.93901217729e-07
3.84726838634e-07
3.04785059396e-07
2.45673094825e-07
2.01706348324e-07
1.68983273875e-07
1.44799085082e-07
1.27272608172e-07
1.15106742186e-07
1.07435034221e-07
1.03725664509e-07
1.60644617984e-06
1.16139389369e-06
8.57280724563e-07
6.44947333115e-07
4.93898266222e-07
3.84723373009e-07
3.04781008246e-07
2.45668416248e-07
2.01701029243e-07
1.68977330128e-07
1.44792561141e-07
1.27265575815e-07
1.15099297688e-07
1.07427294016e-07
1.03717759496e-07
1.60644418532e-06
1.16139211049e-06
8.57278906295e-07
6.44945315866e-07
4.93895935192e-07
3.84720646477e-07
3.04777830247e-07
2.45664753885e-07
2.01696872052e-07
1.68972690109e-07
1.44787472515e-07
1.27260093966e-07
1.15093497e-07
1.07421264508e-07
1.03711602412e-07
1.60644260435e-06
1.16139069705e-06
8.57277467831e-07
6.44943724379e-07
4.93894101284e-07
3.84718506557e-07
3.04775340847e-07
2.45661889467e-07
2.01693624463e-07
1.68969068619e-07
1.44783503598e-07
1.272558205e-07
1.15088976569e-07
1.07416566821e-07
1.03706805868e-07
1.6064413659e-06
1.16138958775e-06
8.57276338052e-07
6.44942475026e-07
4.93892663197e-07
3.84716830614e-07
3.04773393492e-07
2.45659651e-07
2.01691088686e-07
1.68966242786e-07
1.44780408297e-07
1.27252489005e-07
1.15085453553e-07
1.07412906335e-07
1.03703068701e-07
1.60644040585e-06
1.16138872385e-06
8.57275455726e-07
6.44941498136e-07
4.93891538567e-07
3.84715520443e-07
3.04771871975e-07
2.45657903055e-07
2.0168910964e-07
1.68964038388e-07
1.44777994606e-07
1.27249891908e-07
1.15082707757e-07
1.07410053812e-07
1.03700156636e-07
1.6064396651e-06
1.16138805423e-06
8.57274769346e-07
6.44940736576e-07
4.93890660955e-07
3.84714497744e-07
3.04770684407e-07
2.45656539079e-07
2.01687565776e-07
1.68962319215e-07
1.44776112691e-07
1.2724786742e-07
1.15080567697e-07
1.07407830809e-07
1.03697887357e-07
1.60643909607e-06
1.16138753729e-06
8.57274237121e-07
6.44940144284e-07
4.93889977286e-07
3.84713700433e-07
3.0476975828e-07
2.45655475354e-07
2.01686361876e-07
1.68960978802e-07
1.44774645606e-07
1.27246289398e-07
1.15078899768e-07
1.07406098365e-07
1.03696118918e-07
1.60643866001e-06
1.16138713908e-06
8.57273825229e-07
6.44939684391e-07
4.93889445369e-07
3.8471307942e-07
3.04769036553e-07
2.45654646206e-07
2.01685423406e-07
1.68959933936e-07
1.44773502067e-07
1.27245059474e-07
1.15077599852e-07
1.07404748232e-07
1.03694740768e-07
1.60643832613e-06
1.16138683271e-06
8.57273506849e-07
6.44939327681e-07
4.93889031898e-07
3.84712596075e-07
3.04768474416e-07
2.45654000157e-07
2.01684692051e-07
1.68959119622e-07
1.44772610843e-07
1.27244100944e-07
1.15076586798e-07
1.07403696064e-07
1.03693666779e-07
1.60643807113e-06
1.16138659742e-06
8.57273261069e-07
6.44939051279e-07
4.93888710726e-07
3.84712220086e-07
3.04768036773e-07
2.45653496953e-07
2.01684122252e-07
1.68958485102e-07
1.4477191635e-07
1.27243353982e-07
1.15075797347e-07
1.07402876134e-07
1.03692829845e-07
1.60643787624e-06
1.16138641662e-06
8.57273071342e-07
6.44938837163e-07
4.9388846136e-07
3.84711927726e-07
3.04767696165e-07
2.45653105108e-07
2.01683678413e-07
1.68957990752e-07
1.44771375229e-07
1.27242771943e-07
1.15075182178e-07
1.07402237207e-07
1.03692177665e-07
1.6064377272e-06
1.16138627777e-06
8.57272924938e-07
6.44938671364e-07
4.93888267804e-07
3.84711700458e-07
3.04767431151e-07
2.45652800047e-07
2.01683332748e-07
1.68957605667e-07
1.44770953644e-07
1.27242318448e-07
1.15074702849e-07
1.07401739352e-07
1.03691669479e-07
1.60643761327e-06
1.16138617134e-06
8.57272812155e-07
6.44938543081e-07
4.93888117643e-07
3.84711523849e-07
3.04767224992e-07
2.45652562597e-07
2.01683063583e-07
1.68957305734e-07
1.44770625232e-07
1.27241965142e-07
1.15074329392e-07
1.07401351448e-07
1.03691273519e-07
1.60643752586e-06
1.16138608947e-06
8.57272725116e-07
6.44938443805e-07
4.93888001152e-07
3.84711386627e-07
3.04767064646e-07
2.45652377794e-07
2.0168285402e-07
1.68957072153e-07
1.44770369426e-07
1.27241689914e-07
1.15074038445e-07
1.07401049234e-07
1.03690965019e-07
1.60643745937e-06
1.16138602649e-06
8.57272657885e-07
6.44938366913e-07
4.93887910776e-07
3.84711280021e-07
3.04766939971e-07
2.45652233997e-07
2.01682690881e-07
1.68956890263e-07
1.44770170193e-07
1.27241475528e-07
1.15073811797e-07
1.07400813795e-07
1.03690724682e-07
1.60643740837e-06
1.16138597817e-06
8.57272606073e-07
6.44938307446e-07
4.93887840694e-07
3.84711197223e-07
3.04766843034e-07
2.45652122128e-07
2.01682563904e-07
1.6895674865e-07
1.44770015042e-07
1.27241308554e-07
1.15073635257e-07
1.07400630396e-07
1.03690537459e-07
1.60643736945e-06
1.16138594123e-06
8.5727256627e-07
6.44938261529e-07
4.93887786412e-07
3.84711132964e-07
3.04766767702e-07
2.4565203512e-07
2.01682465099e-07
1.68956638412e-07
1.4476989424e-07
1.27241178519e-07
1.15073497758e-07
1.07400487551e-07
1.03690391631e-07
1.60643734075e-06
1.16138591337e-06
8.5727253583e-07
6.44938226159e-07
4.9388774442e-07
3.84711083124e-07
3.04766709193e-07
2.45651967474e-07
2.0168238823e-07
1.68956552616e-07
1.44769800195e-07
1.27241077273e-07
1.15073390685e-07
1.07400376301e-07
1.03690278057e-07
1.60643731972e-06
1.16138589244e-06
8.57272512603e-07
6.44938198964e-07
4.93887711965e-07
3.84711044511e-07
3.04766663773e-07
2.45651914908e-07
2.0168232845e-07
1.68956485861e-07
1.44769726994e-07
1.27240998449e-07
1.15073307315e-07
1.07400289676e-07
1.03690189615e-07
1.60643730393e-06
1.1613858767e-06
8.57272494974e-07
6.44938178114e-07
4.93887686957e-07
3.84711014638e-07
3.04766628555e-07
2.45651874085e-07
2.01682281982e-07
1.68956433938e-07
1.44769670039e-07
1.27240937102e-07
1.15073242416e-07
1.07400222233e-07
1.03690120756e-07
1.60643729168e-06
1.16138586481e-06
8.57272481623e-07
6.44938162203e-07
4.93887667738e-07
3.84710991566e-07
3.04766601279e-07
2.45651842408e-07
2.01682245885e-07
1.68956393569e-07
1.44769625738e-07
1.27240889366e-07
1.15073191909e-07
1.07400169739e-07
1.03690067154e-07
1.60643728365e-06
1.1613858563e-06
8.57272471695e-07
6.44938150153e-07
4.93887653022e-07
3.84710973792e-07
3.04766580187e-07
2.45651817856e-07
2.01682217864e-07
1.68956362206e-07
1.44769591295e-07
1.27240852239e-07
1.15073152614e-07
1.07400128894e-07
1.03690025447e-07
1.60643727793e-06
1.16138585022e-06
8.57272464402e-07
6.4493814108e-07
4.93887641798e-07
3.84710960129e-07
3.04766563897e-07
2.45651798845e-07
2.01682196132e-07
1.68956337853e-07
1.44769564529e-07
1.27240823375e-07
1.15073122055e-07
1.07400097122e-07
1.03689993001e-07
1.60643727404e-06
1.16138584598e-06
8.57272459063e-07
6.44938134296e-07
4.93887633278e-07
3.84710949666e-07
3.04766551354e-07
2.45651784152e-07
2.01682179296e-07
1.68956318964e-07
1.44769543747e-07
1.27240800949e-07
1.15073098303e-07
1.0740007242e-07
1.03689967771e-07
1.6064372723e-06
1.16138584341e-06
8.57272455423e-07
6.44938129362e-07
4.93887626891e-07
3.84710941704e-07
3.04766541733e-07
2.45651772828e-07
2.01682166279e-07
1.68956304327e-07
1.44769527628e-07
1.27240783538e-07
1.15073079852e-07
1.0740005323e-07
1.03689948166e-07
1.6064372717e-06
1.16138584192e-06
8.5727245298e-07
6.44938125814e-07
4.93887622151e-07
3.8471093569e-07
3.04766534385e-07
2.45651764124e-07
2.0168215624e-07
1.6895629301e-07
1.44769515142e-07
1.2724077004e-07
1.15073065536e-07
1.07400038329e-07
1.03689932944e-07
1.60643727171e-06
1.16138584122e-06
8.57272451453e-07
6.4493812337e-07
4.93887618709e-07
3.8471093119e-07
3.0476652881e-07
2.45651757466e-07
2.01682148517e-07
1.68956284276e-07
1.44769505486e-07
1.27240759582e-07
1.1507305444e-07
1.07400026775e-07
1.03689921133e-07
1.60643727283e-06
1.16138584142e-06
8.57272450774e-07
6.4493812181e-07
4.93887616268e-07
3.8471092788e-07
3.0476652462e-07
2.45651752404e-07
2.01682142599e-07
1.68956277553e-07
1.44769498031e-07
1.272407515e-07
1.15073045847e-07
1.07400017823e-07
1.03689911982e-07
1.60643727441e-06
1.16138584208e-06
8.57272450639e-07
6.44938120916e-07
4.93887614638e-07
3.84710925511e-07
3.04766521516e-07
2.45651748577e-07
2.01682138087e-07
1.68956272397e-07
1.44769492296e-07
1.27240745263e-07
1.15073039213e-07
1.07400010902e-07
1.03689904905e-07
1.60643727575e-06
1.16138584302e-06
8.57272450916e-07
6.44938120531e-07
4.93887613598e-07
3.84710923838e-07
3.0476651924e-07
2.45651745718e-07
2.01682134674e-07
1.68956268469e-07
1.44769487898e-07
1.27240740465e-07
1.15073034098e-07
1.07400005563e-07
1.0368989944e-07
1.60643727773e-06
1.16138584432e-06
8.57272451516e-07
6.44938120509e-07
4.93887613005e-07
3.84710922718e-07
3.04766517612e-07
2.45651743611e-07
2.01682132112e-07
1.68956265487e-07
1.44769484545e-07
1.27240736793e-07
1.15073030171e-07
1.07400001457e-07
1.03689895236e-07
1.60643728011e-06
1.1613858459e-06
8.57272452381e-07
6.44938120772e-07
4.93887612758e-07
3.84710922014e-07
3.04766516483e-07
2.45651742083e-07
2.01682130213e-07
1.68956263247e-07
1.44769482001e-07
1.27240733994e-07
1.15073027168e-07
1.07399998308e-07
1.03689892007e-07
1.60643728283e-06
1.16138584774e-06
8.57272453485e-07
6.44938121302e-07
4.93887612811e-07
3.84710921656e-07
3.04766515753e-07
2.4565174101e-07
2.01682128827e-07
1.68956261582e-07
1.44769480091e-07
1.27240731875e-07
1.15073024885e-07
1.07399995908e-07
1.03689889544e-07
1.60643728566e-06
1.1613858496e-06
8.57272454721e-07
6.44938122015e-07
4.93887613094e-07
3.84710921565e-07
3.04766515334e-07
2.45651740296e-07
2.01682127848e-07
1.68956260371e-07
1.44769478672e-07
1.27240730285e-07
1.15073023161e-07
1.07399994093e-07
1.03689887677e-07
1.6064372887e-06
1.16138585169e-06
8.57272456122e-07
6.44938122909e-07
4.93887613566e-07
3.84710921684e-07
3.0476651516e-07
2.45651739863e-07
2.01682127185e-07
1.68956259504e-07
1.44769477638e-07
1.2724072911e-07
1.15073021877e-07
1.0739999273e-07
1.03689886272e-07
1.6064372919e-06
1.16138585398e-06
8.57272457703e-07
6.44938123949e-07
4.93887614202e-07
3.84710921985e-07
3.04766515174e-07
2.45651739649e-07
2.01682126773e-07
1.68956258918e-07
1.44769476902e-07
1.27240728256e-07
1.15073020931e-07
1.0739999172e-07
1.03689885229e-07
1.60643729547e-06
1.16138585642e-06
8.57272459427e-07
6.44938125146e-07
4.93887614981e-07
3.8471092243e-07
3.04766515358e-07
2.45651739607e-07
2.0168212655e-07
1.68956258544e-07
1.44769476404e-07
1.27240727656e-07
1.15073020251e-07
1.07399990988e-07
1.03689884467e-07
1.60643729891e-06
1.16138585899e-06
8.57272461279e-07
6.44938126422e-07
4.93887615834e-07
3.84710922975e-07
3.04766515652e-07
2.456517397e-07
2.01682126482e-07
1.68956258337e-07
1.44769476086e-07
1.27240727248e-07
1.15073019778e-07
1.07399990469e-07
1.03689883925e-07
1.60643730233e-06
1.16138586142e-06
8.57272463022e-07
6.44938127686e-07
4.93887616726e-07
3.84710923585e-07
3.04766516035e-07
2.45651739903e-07
2.01682126525e-07
1.68956258264e-07
1.44769475914e-07
1.27240726997e-07
1.15073019467e-07
1.07399990119e-07
1.03689883554e-07
1.60643730605e-06
1.16138586378e-06
8.5727246472e-07
6.44938128946e-07
4.93887617654e-07
3.84710924241e-07
3.04766516474e-07
2.4565174017e-07
2.0168212666e-07
1.68956258287e-07
1.44769475851e-07
1.27240726863e-07
1.15073019283e-07
1.07399989898e-07
1.03689883317e-07
1.60643730959e-06
1.16138586607e-06
8.57272466419e-07
6.44938130213e-07
4.93887618593e-07
3.84710924933e-07
3.04766516968e-07
2.45651740509e-07
2.01682126865e-07
1.6895625839e-07
1.44769475871e-07
1.27240726822e-07
1.15073019195e-07
1.0739998978e-07
1.03689883183e-07
1.60643731299e-06
1.16138586839e-06
8.57272468127e-07
6.44938131496e-07
4.93887619562e-07
3.84710925656e-07
3.04766517496e-07
2.45651740883e-07
2.01682127124e-07
1.68956258553e-07
1.44769475959e-07
1.27240726852e-07
1.15073019185e-07
1.07399989743e-07
1.0368988313e-07
1.6064373159e-06
1.16138587078e-06
8.57272469926e-07
6.44938132846e-07
4.93887620569e-07
3.8471092641e-07
3.04766518062e-07
2.45651741295e-07
2.01682127426e-07
1.68956258764e-07
1.44769476101e-07
1.27240726939e-07
1.15073019229e-07
1.07399989763e-07
1.03689883138e-07
1.60643731929e-06
1.1613858734e-06
8.5727247186e-07
6.44938134261e-07
4.93887621618e-07
3.84710927192e-07
3.04766518652e-07
2.45651741744e-07
2.01682127759e-07
1.68956259011e-07
1.44769476279e-07
1.27240727072e-07
1.15073019325e-07
1.07399989835e-07
1.03689883198e-07
1.60643732292e-06
1.16138587606e-06
8.57272473798e-07
6.4493813569e-07
4.93887622688e-07
3.84710927996e-07
3.04766519266e-07
2.45651742209e-07
2.01682128116e-07
1.68956259285e-07
1.44769476489e-07
1.2724072723e-07
1.15073019453e-07
1.07399989943e-07
1.03689883295e-07
1.60643732634e-06
1.16138587859e-06
8.57272475676e-07
6.44938137084e-07
4.93887623735e-07
3.84710928791e-07
3.0476651988e-07
2.45651742691e-07
2.01682128494e-07
1.68956259583e-07
1.44769476727e-07
1.27240727424e-07
1.15073019615e-07
1.07399990081e-07
1.03689883423e-07
1.60643733023e-06
1.16138588125e-06
8.5727247757e-07
6.44938138488e-07
4.93887624796e-07
3.84710929608e-07
3.04766520512e-07
2.45651743186e-07
2.01682128887e-07
1.68956259898e-07
1.44769476983e-07
1.27240727636e-07
1.15073019795e-07
1.07399990241e-07
1.03689883573e-07
1.60643733394e-06
1.16138588395e-06
8.57272479539e-07
6.44938139942e-07
4.93887625881e-07
3.84710930444e-07
3.0476652116e-07
2.45651743693e-07
2.01682129291e-07
1.68956260225e-07
1.44769477253e-07
1.27240727866e-07
1.15073019992e-07
1.07399990418e-07
1.0368988374e-07
1.60643733763e-06
1.16138588663e-06
8.5727248151e-07
6.44938141406e-07
4.93887626985e-07
3.84710931291e-07
3.04766521817e-07
2.45651744217e-07
2.01682129709e-07
1.68956260563e-07
1.44769477534e-07
1.27240728105e-07
1.15073020202e-07
1.0739999061e-07
1.03689883922e-07
1.60643734079e-06
1.16138588918e-06
8.57272483419e-07
6.44938142843e-07
4.93887628085e-07
3.84710932134e-07
3.04766522477e-07
2.45651744739e-07
2.01682130132e-07
1.68956260911e-07
1.44769477825e-07
1.27240728352e-07
1.15073020421e-07
1.07399990809e-07
1.03689884114e-07
1.60643734436e-06
1.16138589167e-06
8.57272485257e-07
6.44938144245e-07
4.93887629163e-07
3.84710932972e-07
3.04766523139e-07
2.45651745271e-07
2.0168213056e-07
1.68956261266e-07
1.44769478121e-07
1.27240728606e-07
1.15073020648e-07
1.07399991019e-07
1.03689884315e-07
1.60643734836e-06
1.16138589415e-06
8.57272487047e-07
6.44938145612e-07
4.93887630229e-07
3.84710933816e-07
3.04766523804e-07
2.45651745805e-07
2.01682130991e-07
1.68956261623e-07
1.44769478423e-07
1.27240728868e-07
1.1507302088e-07
1.07399991235e-07
1.03689884522e-07
1.60643735169e-06
1.16138589649e-06
8.57272488806e-07
6.44938146965e-07
4.93887631287e-07
3.84710934644e-07
3.04766524465e-07
2.45651746329e-07
2.01682131428e-07
1.68956261984e-07
1.44769478733e-07
1.27240729134e-07
1.15073021119e-07
1.07399991455e-07
1.03689884733e-07
1.60643735459e-06
1.16138589883e-06
8.57272490604e-07
6.44938148343e-07
4.93887632352e-07
3.84710935484e-07
3.04766525132e-07
2.45651746868e-07
2.01682131864e-07
1.68956262345e-07
1.44769479037e-07
1.27240729402e-07
1.15073021358e-07
1.07399991679e-07
1.03689884949e-07
1.60643735797e-06
1.16138590144e-06
8.57272492534e-07
6.44938149774e-07
4.9388763344e-07
3.84710936324e-07
3.04766525793e-07
2.45651747402e-07
2.01682132303e-07
1.68956262711e-07
1.44769479349e-07
1.27240729675e-07
1.15073021604e-07
1.07399991906e-07
1.03689885169e-07
1.60643736177e-06
1.16138590418e-06
8.57272494519e-07
6.44938151251e-07
4.9388763456e-07
3.84710937191e-07
3.0476652647e-07
2.45651747946e-07
2.01682132743e-07
1.6895626308e-07
1.44769479661e-07
1.27240729949e-07
1.1507302185e-07
1.07399992136e-07
1.0368988539e-07
1.60643736521e-06
1.16138590679e-06
8.572724965e-07
6.44938152739e-07
4.9388763569e-07
3.84710938056e-07
3.04766527157e-07
2.45651748493e-07
2.01682133189e-07
1.68956263449e-07
1.44769479978e-07
1.27240730224e-07
1.150730221e-07
1.07399992367e-07
1.03689885612e-07
1.60643736908e-06
1.16138590949e-06
8.5727249851e-07
6.44938154247e-07
4.93887636823e-07
3.84710938933e-07
3.04766527847e-07
2.45651749045e-07
2.01682133636e-07
1.68956263823e-07
1.44769480295e-07
1.272407305e-07
1.15073022345e-07
1.07399992598e-07
1.03689885835e-07
1.60643737279e-06
1.16138591219e-06
8.57272500462e-07
6.4493815571e-07
4.93887637938e-07
3.84710939789e-07
3.04766528523e-07
2.45651749588e-07
2.01682134083e-07
1.68956264191e-07
1.44769480609e-07
1.27240730776e-07
1.15073022596e-07
1.07399992827e-07
1.03689886056e-07
1.60643737659e-06
1.16138591479e-06
8.57272502322e-07
6.44938157086e-07
4.93887639006e-07
3.8471094063e-07
3.04766529189e-07
2.45651750121e-07
2.01682134519e-07
1.68956264552e-07
1.44769480916e-07
1.27240731045e-07
1.15073022837e-07
1.07399993051e-07
1.0368988627e-07
1.60643738006e-06
1.16138591717e-06
8.57272504066e-07
6.44938158419e-07
4.93887640036e-07
3.84710941435e-07
3.04766529824e-07
2.45651750629e-07
2.01682134933e-07
1.68956264901e-07
1.4476948121e-07
1.27240731301e-07
1.15073023064e-07
1.07399993261e-07
1.03689886472e-07
1.6064373837e-06
1.16138591976e-06
8.57272505908e-07
6.44938159756e-07
4.93887641029e-07
3.84710942206e-07
3.0476653042e-07
2.45651751106e-07
2.0168213532e-07
1.68956265218e-07
1.44769481481e-07
1.27240731537e-07
1.15073023275e-07
1.07399993456e-07
1.03689886657e-07
1.60643738708e-06
1.16138592228e-06
8.57272507661e-07
6.44938160987e-07
4.9388764193e-07
3.84710942873e-07
3.04766530934e-07
2.45651751508e-07
2.01682135642e-07
1.68956265487e-07
1.44769481706e-07
1.27240731729e-07
1.15073023446e-07
1.07399993615e-07
1.03689886809e-07
1.60643739078e-06
1.16138592457e-06
8.57272509072e-07
6.44938161906e-07
4.93887642552e-07
3.84710943322e-07
3.04766531271e-07
2.45651751766e-07
2.01682135846e-07
1.68956265652e-07
1.44769481844e-07
1.27240731846e-07
1.15073023552e-07
1.07399993714e-07
1.03689886903e-07
1.8979437478e-07
1.90314394352e-07
1.91475605059e-07
1.93560172131e-07
1.97103454222e-07
2.03080212646e-07
2.13278008922e-07
2.31074158769e-07
2.63105223292e-07
3.22998989699e-07
4.3990527157e-07
6.78607574754e-07
1.18826490542e-06
2.32348407385e-06
4.91006943506e-06
1.78727115735e-07
1.80661353456e-07
1.84988066831e-07
1.92727506544e-07
2.05705255718e-07
2.2701638313e-07
2.61872794746e-07
3.19149862656e-07
4.14231068374e-07
5.74332687844e-07
8.48633825559e-07
1.32777596004e-06
2.18197566039e-06
3.74017206371e-06
6.63463009955e-06
1.68487523346e-07
1.71798791198e-07
1.79065762567e-07
1.9168302014e-07
2.12034559316e-07
2.43927377455e-07
2.93291983344e-07
3.69368596515e-07
4.86606628377e-07
6.67696727405e-07
9.48716579709e-07
1.38807434031e-06
2.08024775773e-06
3.16569952883e-06
4.85757280432e-06
1.59729373746e-07
1.64006334569e-07
1.73213038301e-07
1.88725591991e-07
2.12797338789e-07
2.48987609774e-07
3.02325550219e-07
3.80227052285e-07
4.93641263563e-07
6.5895006318e-07
8.98819891789e-07
1.24744383775e-06
1.75557854414e-06
2.50993799028e-06
3.64711962683e-06
1.52207836355e-07
1.56969193801e-07
1.67068218762e-07
1.83705642695e-07
2.08816289042e-07
2.45101252117e-07
2.96569099747e-07
3.68743232288e-07
4.6923025801e-07
6.08481802504e-07
8.02787600982e-07
1.07502065905e-06
1.46035902148e-06
2.01549834667e-06
2.83347544557e-06
1.45472696024e-07
1.50312244729e-07
1.6045889075e-07
1.76874920605e-07
2.01076833256e-07
2.35233967385e-07
2.82384505391e-07
3.46712050949e-07
4.34016191528e-07
5.52513879438e-07
7.14275529145e-07
9.37354665506e-07
1.24989214966e-06
1.69744776854e-06
2.35603937261e-06
1.39339808969e-07
1.44037313798e-07
1.53809840396e-07
1.69433807926e-07
1.92133999459e-07
2.23675671784e-07
2.66527470252e-07
3.24123866791e-07
4.01299083693e-07
5.05008410572e-07
6.45532036415e-07
8.38479510873e-07
1.1082552472e-06
1.49411040164e-06
2.06078050011e-06
1.33756764815e-07
1.38228193911e-07
1.47488237337e-07
1.62192617453e-07
1.83384807782e-07
2.1258675697e-07
2.51953953712e-07
3.04530275653e-07
3.74663200927e-07
4.68680063237e-07
5.95995683743e-07
7.70947779491e-07
1.01589881727e-06
1.36659449341e-06
1.88159640739e-06
1.28742874233e-07
1.3298643378e-07
1.41755289388e-07
1.55635701545e-07
1.75570002268e-07
2.02949441436e-07
2.3976935589e-07
2.88880450193e-07
3.54391356517e-07
4.42313851069e-07
5.61605581315e-07
7.25880038482e-07
9.5626777371e-07
1.2863229177e-06
1.77063632722e-06
1.24325197612e-07
1.28376887281e-07
1.36743381673e-07
1.49975070849e-07
1.68963415178e-07
1.95035969258e-07
2.30112269047e-07
2.76952377702e-07
3.39549849411e-07
4.23754967172e-07
5.382741344e-07
6.96299963196e-07
9.18228887053e-07
1.23631084225e-06
1.70281687681e-06
1.20508913244e-07
1.24415382886e-07
1.3248285041e-07
1.45245457128e-07
1.63572197996e-07
1.88763231018e-07
2.22705850605e-07
2.68120506348e-07
3.28946541202e-07
4.10950333112e-07
5.22696650672e-07
6.77129112768e-07
8.94200757113e-07
1.20536851586e-06
1.66148598168e-06
1.17271760288e-07
1.21076711717e-07
1.28937957026e-07
1.41383784065e-07
1.59275377522e-07
1.83903633529e-07
2.17144727554e-07
2.617039677e-07
3.21496427463e-07
4.02245329554e-07
5.12436276746e-07
6.64868520416e-07
8.79235505888e-07
1.18653120929e-06
1.63678786271e-06
1.14569620153e-07
1.18308618e-07
1.26037286129e-07
1.38282994552e-07
1.55905917573e-07
1.80195877948e-07
2.13027332064e-07
2.57101553056e-07
3.16323896183e-07
3.96396256943e-07
5.05761447256e-07
6.5713825509e-07
8.70074811064e-07
1.17530757985e-06
1.62241646785e-06
1.12345246641e-07
1.16044687734e-07
1.23694660788e-07
1.35823571511e-07
1.53293204323e-07
1.7739537559e-07
2.10006355788e-07
2.53827860778e-07
3.12762205722e-07
3.92501314693e-07
5.01465617148e-07
6.523303016e-07
8.64563971792e-07
1.16876171286e-06
1.61425391865e-06
1.10535749654e-07
1.14213976884e-07
1.21822272595e-07
1.33890575115e-07
1.51282870685e-07
1.75293611314e-07
2.07801681442e-07
2.51510598465e-07
3.10322417855e-07
3.89924853568e-07
4.98727323055e-07
6.49382754156e-07
8.61318903324e-07
1.1650584992e-06
1.60980497029e-06
1.09078496843e-07
1.1274752204e-07
1.20338134785e-07
1.32381664952e-07
1.49744035754e-07
1.73721977586e-07
2.06196668547e-07
2.49873450834e-07
3.08655054383e-07
3.88227777741e-07
4.96996214525e-07
6.4760310327e-07
8.5945749293e-07
1.16304935284e-06
1.60752527721e-06
1.07914851495e-07
1.11582014259e-07
1.19169494884e-07
1.31209673408e-07
1.48569875579e-07
1.72548447217e-07
2.05028191159e-07
2.48715815999e-07
3.07514828651e-07
3.87111316561e-07
4.95908182796e-07
6.4654433437e-07
8.58421821428e-07
1.1620186094e-06
1.60646060743e-06
1.06991828612e-07
1.10661164292e-07
1.18253621496e-07
1.30302242196e-07
1.47675174743e-07
1.71671705652e-07
2.04175585851e-07
2.47894346536e-07
3.06732059583e-07
3.86375006727e-07
4.95225834949e-07
6.45922704437e-07
8.57866406788e-07
1.16153307742e-06
1.60604583117e-06
1.06260451668e-07
1.09934820738e-07
1.17537016378e-07
1.29600245103e-07
1.46993041707e-07
1.71015159503e-07
2.03550808121e-07
2.4730791057e-07
3.06190842444e-07
3.85886131654e-07
4.94796722963e-07
6.45561374457e-07
8.57582160679e-07
1.16133785469e-06
1.60595663559e-06
1.05682529063e-07
1.09363366003e-07
1.16977383505e-07
1.29057541727e-07
1.46472439136e-07
1.70521967218e-07
2.03090456724e-07
2.46885913166e-07
3.05812791177e-07
3.85557789906e-07
4.94524291862e-07
6.45352063042e-07
8.57445304408e-07
1.16128690958e-06
1.60601259304e-06
1.05219197651e-07
1.0891311005e-07
1.16541225075e-07
1.28638726848e-07
1.4607509921e-07
1.70150528669e-07
2.02749369972e-07
2.46579544269e-07
3.05545419584e-07
3.85333737346e-07
4.94348242363e-07
6.45229672182e-07
8.57384297838e-07
1.16129899264e-06
1.60611700808e-06
1.04887197563e-07
1.08576634476e-07
1.16210056748e-07
1.28319654085e-07
1.4577345823e-07
1.69870835435e-07
2.02495583815e-07
2.46355198912e-07
3.05353744162e-07
3.85177835839e-07
4.94231412033e-07
6.45155953417e-07
8.57359411586e-07
1.16133193073e-06
1.6062226513e-06
1.04623179673e-07
1.08315153317e-07
1.15955026937e-07
1.28075314897e-07
1.45543812856e-07
1.69659470078e-07
2.02305624211e-07
2.46189331644e-07
3.05214294508e-07
3.85066919056e-07
4.94151196865e-07
6.45109100979e-07
8.57349797076e-07
1.16136584922e-06
1.60631084598e-06
1.04416161096e-07
1.08111443209e-07
1.15757621866e-07
1.27887306887e-07
1.45368167757e-07
1.69498873143e-07
2.02162396028e-07
2.46065406837e-07
3.05111261294e-07
3.84986127689e-07
4.94093957204e-07
6.45077008224e-07
8.5734525665e-07
1.16139292545e-06
1.60637668198e-06
1.04254660281e-07
1.07952943313e-07
1.15604618546e-07
1.27742230737e-07
1.45233283154e-07
1.69376187672e-07
2.0205359957e-07
2.4597185005e-07
3.05033979567e-07
3.84925917619e-07
4.94051517886e-07
6.45053170162e-07
8.57341340667e-07
1.16141131074e-06
1.60642173395e-06
1.04128960196e-07
1.07829751687e-07
1.15485980381e-07
1.27630077832e-07
1.45129365749e-07
1.69282014388e-07
2.01970395913e-07
2.45900543463e-07
3.04975216548e-07
3.84880117917e-07
4.94018972461e-07
6.45034194922e-07
8.57336508634e-07
1.16142180754e-06
1.60644991736e-06
1.04031236216e-07
1.07734057178e-07
1.15393958812e-07
1.27543255313e-07
1.45049096061e-07
1.69209433794e-07
2.01906393021e-07
2.45845748824e-07
3.04930015231e-07
3.84844687462e-07
4.93993348822e-07
6.45018371397e-07
8.57330577829e-07
1.16142616195e-06
1.60646555205e-06
1.03955301418e-07
1.0765973596e-07
1.15322553388e-07
1.27475961569e-07
1.4498695793e-07
1.69153307331e-07
2.01856923214e-07
2.45803361729e-07
3.04894926845e-07
3.84816929645e-07
4.93972812211e-07
6.45004865138e-07
8.57323906761e-07
1.16142622527e-06
1.60647249301e-06
1.03896306272e-07
1.07602009969e-07
1.1526711825e-07
1.27423748083e-07
1.44938768398e-07
1.69109786581e-07
2.01818540235e-07
2.45770403276e-07
3.0486750328e-07
3.84794992244e-07
4.93956180252e-07
6.44993260407e-07
8.57316992365e-07
1.16142364461e-06
1.60647384507e-06
1.03850467895e-07
1.07557162768e-07
1.15224058402e-07
1.27383196471e-07
1.44901340051e-07
1.69075967345e-07
2.01788672061e-07
2.45744678795e-07
3.04845969307e-07
3.84777560763e-07
4.93942644304e-07
6.44983310824e-07
8.57310228844e-07
1.16141956979e-06
1.60647184777e-06
1.03814843879e-07
1.07522309175e-07
1.15190592819e-07
1.2735167536e-07
1.44872234204e-07
1.69049643235e-07
2.01765380049e-07
2.45724548522e-07
3.04829011596e-07
3.84763674398e-07
4.93931624932e-07
6.44974857472e-07
8.57303941128e-07
1.16141492352e-06
1.60646812604e-06
1.03787149366e-07
1.07495211669e-07
1.15164569961e-07
1.2732715585e-07
1.44849578291e-07
1.69029127897e-07
2.01747189599e-07
2.45708770722e-07
3.04815638525e-07
3.84752606491e-07
4.93922675416e-07
6.44967753015e-07
8.57298311595e-07
1.16141026848e-06
1.60646373446e-06
1.03765611687e-07
1.07474135762e-07
1.15144324612e-07
1.27308071047e-07
1.44831929829e-07
1.69013125696e-07
2.01732970254e-07
2.4569639427e-07
3.04805088706e-07
3.84743793022e-07
4.9391543584e-07
6.44961850262e-07
8.57293420856e-07
1.16140594197e-06
1.60645932218e-06
1.03748856e-07
1.07457736917e-07
1.1512856714e-07
1.27293208943e-07
1.44818174495e-07
1.69000636759e-07
2.01721849706e-07
2.45686683801e-07
3.04796769648e-07
3.84736787555e-07
4.93909607421e-07
6.44956999811e-07
8.57289273329e-07
1.16140211315e-06
1.60645524675e-06
1.03735816005e-07
1.0744497263e-07
1.15116298071e-07
1.2728163071e-07
1.44807449403e-07
1.68990886643e-07
2.0171315132e-07
2.45679066685e-07
3.04790215871e-07
3.84731232323e-07
4.93904938734e-07
6.44953054462e-07
8.5728582433e-07
1.1613988405e-06
1.6064516749e-06
1.03725664508e-07
1.07435034222e-07
1.1510674219e-07
1.27272608177e-07
1.44799085087e-07
1.68983273882e-07
2.01706348328e-07
2.45673094826e-07
3.04785059401e-07
3.84726838636e-07
4.9390121773e-07
6.44949874717e-07
8.57283002243e-07
1.16139611542e-06
1.60644865732e-06
1.03717759498e-07
1.07427294018e-07
1.15099297692e-07
1.27265575821e-07
1.44792561144e-07
1.6897733013e-07
2.01701029245e-07
2.45668416242e-07
3.04781008221e-07
3.84723372973e-07
4.93898266151e-07
6.44947332974e-07
8.57280724248e-07
1.16139389296e-06
1.60644617819e-06
1.03711602412e-07
1.07421264507e-07
1.15093497e-07
1.27260093969e-07
1.44787472515e-07
1.68972690104e-07
2.01696872042e-07
2.45664753865e-07
3.04777830212e-07
3.84720646415e-07
4.93895935105e-07
6.44945315701e-07
8.57278905971e-07
1.16139210982e-06
1.60644418411e-06
1.03706805869e-07
1.0741656682e-07
1.15088976569e-07
1.27255820501e-07
1.44783503599e-07
1.68969068615e-07
2.01693624452e-07
2.4566188944e-07
3.04775340809e-07
3.84718506493e-07
4.93894101184e-07
6.44943724223e-07
8.57277467598e-07
1.16139069672e-06
1.60644260396e-06
1.03703068701e-07
1.07412906335e-07
1.15085453551e-07
1.27252489005e-07
1.44780408296e-07
1.68966242785e-07
2.01691088683e-07
2.45659650983e-07
3.04773393456e-07
3.84716830557e-07
4.93892663101e-07
6.44942474888e-07
8.57276337881e-07
1.16138958765e-06
1.6064413665e-06
1.03700156637e-07
1.07410053812e-07
1.15082707759e-07
1.27249891912e-07
1.44777994612e-07
1.68964038391e-07
2.01689109644e-07
2.45657903051e-07
3.04771871953e-07
3.84715520396e-07
4.93891538475e-07
6.44941497964e-07
8.57275455426e-07
1.16138872344e-06
1.60644040562e-06
1.03697887359e-07
1.07407830812e-07
1.15080567701e-07
1.27247867426e-07
1.44776112698e-07
1.68962319223e-07
2.01687565784e-07
2.45656539079e-07
3.04770684393e-07
3.84714497706e-07
4.93890660866e-07
6.44940736382e-07
8.57274768959e-07
1.1613880535e-06
1.60643966429e-06
1.03696118919e-07
1.07406098369e-07
1.15078899775e-07
1.27246289407e-07
1.44774645613e-07
1.68960978811e-07
2.01686361887e-07
2.45655475362e-07
3.04769758278e-07
3.84713700404e-07
4.93889977194e-07
6.44940144084e-07
8.57274236702e-07
1.1613875365e-06
1.60643909506e-06
1.03694740769e-07
1.07404748235e-07
1.15077599859e-07
1.27245059483e-07
1.44773502078e-07
1.68959933948e-07
2.01685423415e-07
2.45654646214e-07
3.04769036554e-07
3.84713079408e-07
4.93889445321e-07
6.44939684245e-07
8.5727382493e-07
1.16138713855e-06
1.60643865926e-06
1.03693666779e-07
1.07403696066e-07
1.15076586803e-07
1.27244100952e-07
1.44772610852e-07
1.68959119632e-07
2.01684692064e-07
2.45654000173e-07
3.0476847443e-07
3.84712596073e-07
4.93889031867e-07
6.44939327586e-07
8.57273506636e-07
1.16138683235e-06
1.60643832593e-06
1.03692829845e-07
1.07402876134e-07
1.15075797349e-07
1.27243353989e-07
1.44771916359e-07
1.68958485107e-07
2.01684122263e-07
2.45653496965e-07
3.0476803678e-07
3.84712220081e-07
4.93888710694e-07
6.44939051158e-07
8.57273260757e-07
1.16138659673e-06
1.6064380699e-06
1.03692177666e-07
1.07402237207e-07
1.1507518218e-07
1.27242771946e-07
1.4477137523e-07
1.6895799076e-07
2.01683678419e-07
2.45653105112e-07
3.04767696158e-07
3.84711927701e-07
4.93888461294e-07
6.44938837009e-07
8.5727307101e-07
1.16138641591e-06
1.60643787459e-06
1.03691669479e-07
1.07401739353e-07
1.15074702851e-07
1.27242318453e-07
1.44770953647e-07
1.68957605669e-07
2.01683332748e-07
2.45652800039e-07
3.04767431126e-07
3.84711700411e-07
4.93888267714e-07
6.44938671219e-07
8.57272924707e-07
1.16138627735e-06
1.60643772628e-06
1.03691273517e-07
1.0740135145e-07
1.15074329394e-07
1.27241965143e-07
1.44770625229e-07
1.68957305731e-07
2.01683063573e-07
2.45652562574e-07
3.04767224951e-07
3.84711523773e-07
4.93888117513e-07
6.4493854288e-07
8.57272811822e-07
1.16138617077e-06
1.60643761231e-06
1.0369096502e-07
1.07401049234e-07
1.15074038446e-07
1.27241689912e-07
1.44770369419e-07
1.6895707214e-07
2.01682853998e-07
2.4565237776e-07
3.04767064593e-07
3.84711386535e-07
4.93888000995e-07
6.44938443555e-07
8.5727272473e-07
1.16138608894e-06
1.6064375252e-06
1.03690724682e-07
1.07400813794e-07
1.15073811795e-07
1.27241475523e-07
1.44770170185e-07
1.68956890247e-07
2.01682690859e-07
2.45652233968e-07
3.04766939917e-07
3.84711279944e-07
4.93887910675e-07
6.44938366793e-07
8.57272657771e-07
1.16138602644e-06
1.60643745928e-06
1.0369053746e-07
1.07400630396e-07
1.15073635252e-07
1.27241308549e-07
1.44770015039e-07
1.6895674864e-07
2.01682563889e-07
2.45652122108e-07
3.04766843005e-07
3.84711197194e-07
4.93887840669e-07
6.44938307473e-07
8.57272606271e-07
1.16138597866e-06
1.60643740895e-06
1.03690391631e-07
1.07400487548e-07
1.15073497755e-07
1.27241178516e-07
1.44769894237e-07
1.68956638403e-07
2.01682465088e-07
2.45652035108e-07
3.04766767693e-07
3.84711132966e-07
4.9388778645e-07
6.44938261672e-07
8.57272566645e-07
1.1613859421e-06
1.60643737084e-06
1.03690278057e-07
1.07400376301e-07
1.15073390682e-07
1.27241077268e-07
1.44769800191e-07
1.68956552611e-07
2.01682388228e-07
2.45651967473e-07
3.04766709196e-07
3.84711083147e-07
4.93887744476e-07
6.4493822631e-07
8.5727253614e-07
1.161385914e-06
1.60643734168e-06
1.03690189615e-07
1.07400289675e-07
1.15073307316e-07
1.27240998448e-07
1.44769726993e-07
1.68956485859e-07
2.01682328452e-07
2.45651914915e-07
3.04766663797e-07
3.8471104455e-07
4.9388771205e-07
6.44938199121e-07
8.57272512908e-07
1.16138589291e-06
1.60643732044e-06
1.03690120755e-07
1.07400222233e-07
1.15073242415e-07
1.27240937101e-07
1.4476967004e-07
1.68956433938e-07
2.01682281992e-07
2.45651874097e-07
3.04766628586e-07
3.84711014694e-07
4.93887687063e-07
6.44938178294e-07
8.57272495304e-07
1.16138587726e-06
1.60643730492e-06
1.03690067157e-07
1.07400169739e-07
1.15073191909e-07
1.2724088937e-07
1.4476962574e-07
1.68956393576e-07
2.01682245895e-07
2.45651842423e-07
3.0476660131e-07
3.84710991619e-07
4.93887667839e-07
6.44938162375e-07
8.57272481903e-07
1.16138586532e-06
1.60643729275e-06
1.03690025447e-07
1.07400128895e-07
1.15073152615e-07
1.27240852241e-07
1.447695913e-07
1.68956362213e-07
2.01682217876e-07
2.45651817872e-07
3.04766580212e-07
3.8471097384e-07
4.93887653104e-07
6.44938150266e-07
8.5727247188e-07
1.16138585658e-06
1.60643728423e-06
1.03689993002e-07
1.07400097124e-07
1.15073122058e-07
1.27240823379e-07
1.44769564537e-07
1.68956337863e-07
2.01682196142e-07
2.4565179886e-07
3.04766563921e-07
3.84710960163e-07
4.93887641846e-07
6.4493814114e-07
8.57272464482e-07
1.16138585033e-06
1.60643727805e-06
1.03689967772e-07
1.07400072422e-07
1.15073098305e-07
1.27240800953e-07
1.44769543755e-07
1.68956318971e-07
2.0168217931e-07
2.45651784169e-07
3.04766551376e-07
3.84710949692e-07
4.938876333e-07
6.44938134324e-07
8.57272459101e-07
1.16138584595e-06
1.60643727383e-06
1.03689948166e-07
1.0740005323e-07
1.15073079858e-07
1.27240783545e-07
1.44769527637e-07
1.68956304341e-07
2.01682166294e-07
2.45651772849e-07
3.04766541757e-07
3.84710941731e-07
4.93887626915e-07
6.44938129368e-07
8.57272455381e-07
1.16138584322e-06
1.60643727185e-06
1.03689932943e-07
1.07400038332e-07
1.1507306554e-07
1.27240770044e-07
1.44769515148e-07
1.68956293017e-07
2.01682156253e-07
2.45651764144e-07
3.04766534411e-07
3.84710935729e-07
4.93887622208e-07
6.4493812589e-07
8.57272453056e-07
1.16138584204e-06
1.60643727189e-06
1.03689921132e-07
1.07400026775e-07
1.15073054441e-07
1.27240759586e-07
1.4476950549e-07
1.68956284285e-07
2.01682148526e-07
2.45651757484e-07
3.04766528843e-07
3.84710931246e-07
4.93887618779e-07
6.44938123475e-07
8.57272451616e-07
1.16138584146e-06
1.60643727189e-06
1.03689911981e-07
1.07400017823e-07
1.1507304585e-07
1.27240751501e-07
1.44769498036e-07
1.68956277558e-07
2.01682142603e-07
2.45651752409e-07
3.04766524637e-07
3.84710927913e-07
4.93887616302e-07
6.44938121835e-07
8.57272450761e-07
1.16138584133e-06
1.60643727237e-06
1.03689904904e-07
1.07400010902e-07
1.15073039212e-07
1.27240745264e-07
1.44769492297e-07
1.68956272399e-07
2.01682138087e-07
2.45651748571e-07
3.04766521502e-07
3.84710925488e-07
4.93887614592e-07
6.44938120834e-07
8.57272450479e-07
1.16138584173e-06
1.60643727329e-06
1.03689899441e-07
1.07400005563e-07
1.15073034098e-07
1.27240740465e-07
1.44769487895e-07
1.6895626846e-07
2.01682134663e-07
2.45651745698e-07
3.04766519202e-07
3.84710923781e-07
4.93887613502e-07
6.44938120395e-07
8.57272450705e-07
1.16138584263e-06
1.60643727462e-06
1.03689895234e-07
1.07400001452e-07
1.15073030169e-07
1.2724073679e-07
1.44769484539e-07
1.68956265478e-07
2.01682132094e-07
2.4565174358e-07
3.04766517576e-07
3.84710922667e-07
4.93887612938e-07
6.44938120428e-07
8.57272451459e-07
1.16138584435e-06
1.60643727772e-06
1.03689892007e-07
1.07399998305e-07
1.15073027163e-07
1.27240733987e-07
1.44769481991e-07
1.68956263232e-07
2.01682130192e-07
2.45651742056e-07
3.04766516448e-07
3.84710921984e-07
4.93887612735e-07
6.44938120787e-07
8.5727245251e-07
1.16138584623e-06
1.6064372808e-06
1.03689889543e-07
1.07399995905e-07
1.15073024878e-07
1.27240731866e-07
1.4476948008e-07
1.68956261566e-07
2.01682128809e-07
2.45651740986e-07
3.04766515727e-07
3.84710921638e-07
4.93887612814e-07
6.44938121336e-07
8.57272453578e-07
1.16138584791e-06
1.60643728329e-06
1.03689887676e-07
1.07399994089e-07
1.15073023154e-07
1.27240730276e-07
1.44769478661e-07
1.68956260356e-07
2.01682127832e-07
2.45651740277e-07
3.04766515318e-07
3.84710921561e-07
4.93887613114e-07
6.44938122065e-07
8.57272454829e-07
1.16138584983e-06
1.60643728625e-06
1.03689886271e-07
1.07399992726e-07
1.15073021868e-07
1.272407291e-07
1.44769477625e-07
1.68956259491e-07
2.01682127171e-07
2.45651739844e-07
3.04766515145e-07
3.84710921685e-07
4.93887613583e-07
6.44938122959e-07
8.57272456235e-07
1.16138585188e-06
1.60643728904e-06
1.03689885228e-07
1.07399991718e-07
1.15073020924e-07
1.27240728251e-07
1.44769476893e-07
1.68956258905e-07
2.01682126757e-07
2.4565173963e-07
3.04766515166e-07
3.84710921983e-07
4.93887614218e-07
6.44938123992e-07
8.57272457793e-07
1.16138585417e-06
1.60643729243e-06
1.03689884466e-07
1.07399990983e-07
1.15073020245e-07
1.27240727648e-07
1.44769476396e-07
1.68956258534e-07
2.01682126538e-07
2.45651739593e-07
3.0476651534e-07
3.84710922415e-07
4.93887614954e-07
6.44938125128e-07
8.57272459398e-07
1.16138585633e-06
1.60643729557e-06
1.03689883925e-07
1.07399990466e-07
1.15073019774e-07
1.27240727242e-07
1.44769476077e-07
1.68956258326e-07
2.01682126462e-07
2.45651739679e-07
3.04766515626e-07
3.84710922946e-07
4.93887615787e-07
6.44938126314e-07
8.57272461031e-07
1.16138585848e-06
1.60643729823e-06
1.03689883552e-07
1.07399990116e-07
1.15073019462e-07
1.2724072699e-07
1.44769475904e-07
1.6895625825e-07
2.01682126506e-07
2.45651739874e-07
3.04766516004e-07
3.84710923551e-07
4.93887616683e-07
6.44938127607e-07
8.57272462868e-07
1.16138586116e-06
1.60643730221e-06
1.03689883316e-07
1.07399989895e-07
1.15073019276e-07
1.27240726856e-07
1.44769475839e-07
1.68956258272e-07
2.01682126642e-07
2.45651740147e-07
3.04766516444e-07
3.84710924198e-07
4.93887617597e-07
6.4493812886e-07
8.57272464581e-07
1.16138586354e-06
1.60643730571e-06
1.03689883182e-07
1.07399989778e-07
1.15073019189e-07
1.27240726815e-07
1.4476947586e-07
1.68956258375e-07
2.01682126847e-07
2.45651740479e-07
3.04766516933e-07
3.84710924887e-07
4.93887618545e-07
6.44938130149e-07
8.57272466317e-07
1.1613858658e-06
1.60643730847e-06
1.0368988313e-07
1.07399989742e-07
1.1507301918e-07
1.27240726845e-07
1.44769475948e-07
1.68956258539e-07
2.01682127106e-07
2.45651740863e-07
3.04766517469e-07
3.84710925632e-07
4.93887619553e-07
6.44938131506e-07
8.57272468141e-07
1.16138586827e-06
1.60643731205e-06
1.03689883139e-07
1.07399989761e-07
1.15073019225e-07
1.27240726931e-07
1.44769476087e-07
1.6895625875e-07
2.01682127409e-07
2.45651741275e-07
3.04766518042e-07
3.84710926402e-07
4.93887620586e-07
6.44938132896e-07
8.57272470026e-07
1.16138587096e-06
1.60643731638e-06
1.03689883197e-07
1.07399989833e-07
1.1507301932e-07
1.27240727063e-07
1.44769476271e-07
1.68956259001e-07
2.01682127746e-07
2.45651741728e-07
3.04766518638e-07
3.84710927189e-07
4.93887621634e-07
6.44938134309e-07
8.57272471965e-07
1.16138587361e-06
1.60643732002e-06
1.03689883295e-07
1.07399989943e-07
1.15073019453e-07
1.27240727229e-07
1.44769476483e-07
1.68956259276e-07
2.01682128105e-07
2.45651742198e-07
3.04766519247e-07
3.84710927988e-07
4.93887622674e-07
6.44938135693e-07
8.57272473821e-07
1.1613858761e-06
1.60643732312e-06
1.03689883422e-07
1.0739999008e-07
1.15073019608e-07
1.27240727419e-07
1.44769476719e-07
1.68956259574e-07
2.01682128484e-07
2.4565174268e-07
3.04766519863e-07
3.84710928774e-07
4.93887623702e-07
6.4493813704e-07
8.57272475611e-07
1.16138587855e-06
1.60643732656e-06
1.03689883572e-07
1.07399990238e-07
1.15073019789e-07
1.27240727631e-07
1.44769476975e-07
1.6895625989e-07
2.01682128875e-07
2.45651743169e-07
3.04766520493e-07
3.8471092957e-07
4.9388762473e-07
6.44938138385e-07
8.57272477405e-07
1.16138588103e-06
1.60643732999e-06
1.03689883739e-07
1.07399990416e-07
1.15073019987e-07
1.27240727858e-07
1.44769477245e-07
1.68956260214e-07
2.0168212928e-07
2.45651743679e-07
3.0476652113e-07
3.84710930394e-07
4.93887625796e-07
6.44938139779e-07
8.57272479274e-07
1.16138588352e-06
1.60643733328e-06
1.03689883921e-07
1.07399990607e-07
1.15073020196e-07
1.27240728096e-07
1.44769477525e-07
1.68956260553e-07
2.01682129692e-07
2.4565174419e-07
3.04766521781e-07
3.84710931221e-07
4.9388762688e-07
6.44938141216e-07
8.57272481195e-07
1.16138588607e-06
1.60643733665e-06
1.03689884115e-07
1.07399990808e-07
1.15073020416e-07
1.27240728345e-07
1.44769477816e-07
1.68956260895e-07
2.01682130112e-07
2.45651744711e-07
3.04766522434e-07
3.84710932065e-07
4.93887627973e-07
6.44938142662e-07
8.57272483097e-07
1.16138588859e-06
1.60643734004e-06
1.03689884315e-07
1.07399991016e-07
1.15073020643e-07
1.272407286e-07
1.44769478114e-07
1.68956261255e-07
2.01682130542e-07
2.4565174524e-07
3.04766523099e-07
3.84710932917e-07
4.93887629069e-07
6.44938144097e-07
8.57272485043e-07
1.16138589129e-06
1.60643734388e-06
1.03689884522e-07
1.07399991234e-07
1.15073020878e-07
1.27240728866e-07
1.44769478418e-07
1.68956261613e-07
2.0168213098e-07
2.45651745782e-07
3.04766523772e-07
3.84710933765e-07
4.93887630162e-07
6.44938145524e-07
8.57272486963e-07
1.16138589393e-06
1.60643734744e-06
1.03689884733e-07
1.07399991454e-07
1.15073021119e-07
1.27240729133e-07
1.44769478725e-07
1.68956261977e-07
2.01682131419e-07
2.4565174632e-07
3.04766524443e-07
3.84710934617e-07
4.93887631269e-07
6.44938146976e-07
8.57272488896e-07
1.16138589667e-06
1.60643735162e-06
1.0368988495e-07
1.07399991681e-07
1.15073021361e-07
1.27240729404e-07
1.44769479038e-07
1.68956262345e-07
2.01682131865e-07
2.45651746864e-07
3.04766525128e-07
3.84710935481e-07
4.93887632375e-07
6.44938148434e-07
8.57272490863e-07
1.16138589937e-06
1.60643735547e-06
1.0368988517e-07
1.07399991911e-07
1.15073021611e-07
1.2724072968e-07
1.44769479357e-07
1.68956262716e-07
2.0168213231e-07
2.45651747413e-07
3.04766525808e-07
3.84710936348e-07
4.93887633484e-07
6.44938149873e-07
8.57272492757e-07
1.16138590189e-06
1.6064373587e-06
1.03689885391e-07
1.0739999214e-07
1.15073021857e-07
1.27240729959e-07
1.44769479673e-07
1.68956263093e-07
2.01682132758e-07
2.45651747963e-07
3.04766526493e-07
3.84710937217e-07
4.938876346e-07
6.44938151312e-07
8.57272494658e-07
1.16138590453e-06
1.6064373627e-06
1.03689885614e-07
1.07399992372e-07
1.15073022108e-07
1.27240730235e-07
1.4476947999e-07
1.68956263469e-07
2.01682133212e-07
2.45651748515e-07
3.04766527185e-07
3.84710938095e-07
4.93887635725e-07
6.44938152788e-07
8.57272496606e-07
1.1613859071e-06
1.60643736594e-06
1.03689885837e-07
1.07399992602e-07
1.15073022354e-07
1.27240730511e-07
1.44769480306e-07
1.68956263839e-07
2.01682133658e-07
2.45651749071e-07
3.04766527878e-07
3.84710938971e-07
4.93887636857e-07
6.44938154268e-07
8.57272498567e-07
1.16138590972e-06
1.60643736942e-06
1.03689886056e-07
1.07399992832e-07
1.150730226e-07
1.27240730783e-07
1.44769480619e-07
1.68956264205e-07
2.016821341e-07
2.45651749609e-07
3.04766528554e-07
3.84710939826e-07
4.93887637972e-07
6.44938155732e-07
8.57272500532e-07
1.16138591247e-06
1.60643737358e-06
1.0368988627e-07
1.07399993053e-07
1.15073022839e-07
1.27240731048e-07
1.44769480921e-07
1.68956264559e-07
2.01682134525e-07
2.45651750131e-07
3.04766529204e-07
3.84710940659e-07
4.93887639043e-07
6.44938157148e-07
8.57272502431e-07
1.16138591502e-06
1.60643737696e-06
1.03689886472e-07
1.07399993262e-07
1.15073023063e-07
1.27240731298e-07
1.44769481208e-07
1.68956264898e-07
2.01682134931e-07
2.45651750629e-07
3.04766529831e-07
3.8471094145e-07
4.93887640063e-07
6.4493815847e-07
8.57272504166e-07
1.16138591737e-06
1.60643738028e-06
1.03689886656e-07
1.07399993453e-07
1.15073023269e-07
1.27240731529e-07
1.4476948147e-07
1.68956265205e-07
2.01682135302e-07
2.45651751089e-07
3.04766530403e-07
3.84710942192e-07
4.93887641035e-07
6.44938159774e-07
8.57272505964e-07
1.16138591993e-06
1.60643738423e-06
1.03689886807e-07
1.07399993609e-07
1.15073023438e-07
1.27240731713e-07
1.44769481684e-07
1.6895626546e-07
2.01682135613e-07
2.4565175147e-07
3.04766530893e-07
3.84710942829e-07
4.93887641881e-07
6.44938160915e-07
8.57272507507e-07
1.16138592193e-06
1.60643738662e-06
1.03689886901e-07
1.0739999371e-07
1.15073023546e-07
1.27240731835e-07
1.44769481823e-07
1.68956265621e-07
2.01682135807e-07
2.45651751713e-07
3.04766531198e-07
3.84710943233e-07
4.93887642444e-07
6.44938161712e-07
8.57272508631e-07
1.16138592351e-06
1.60643738888e-06
)
;

boundaryField
{
    inlet1
    {
        type            fixedValue;
        value           uniform 1.944e-07;
    }
    inlet2
    {
        type            fixedValue;
        value           uniform 1.944e-07;
    }
    outlet
    {
        type            zeroGradient;
    }
    walls
    {
        type            kqRWallFunction;
        value           nonuniform List<scalar> 
200
(
4.9100694356e-06
6.63463009956e-06
4.85757280378e-06
3.64711962701e-06
2.833475447e-06
2.35603937464e-06
2.06078050136e-06
1.88159640873e-06
1.77063632827e-06
1.70281687713e-06
1.66148598174e-06
1.63678786211e-06
1.6224164677e-06
1.61425391919e-06
1.60980496993e-06
1.60752527702e-06
1.60646060799e-06
1.60604583154e-06
1.60595663553e-06
1.60601259342e-06
1.60611700824e-06
1.60622265089e-06
1.6063108459e-06
1.60637668158e-06
1.60642173361e-06
1.60644991723e-06
1.60646555193e-06
1.60647249258e-06
1.60647384403e-06
1.60647184698e-06
1.60646812517e-06
1.60646373392e-06
1.60645932186e-06
1.60645524571e-06
1.60645167432e-06
1.60644865844e-06
1.60644617984e-06
1.60644418532e-06
1.60644260435e-06
1.6064413659e-06
1.60644040585e-06
1.6064396651e-06
1.60643909607e-06
1.60643866001e-06
1.60643832613e-06
1.60643807113e-06
1.60643787624e-06
1.6064377272e-06
1.60643761327e-06
1.60643752586e-06
1.60643745937e-06
1.60643740837e-06
1.60643736945e-06
1.60643734075e-06
1.60643731972e-06
1.60643730393e-06
1.60643729168e-06
1.60643728365e-06
1.60643727793e-06
1.60643727404e-06
1.6064372723e-06
1.6064372717e-06
1.60643727171e-06
1.60643727283e-06
1.60643727441e-06
1.60643727575e-06
1.60643727773e-06
1.60643728011e-06
1.60643728283e-06
1.60643728566e-06
1.6064372887e-06
1.6064372919e-06
1.60643729547e-06
1.60643729891e-06
1.60643730233e-06
1.60643730605e-06
1.60643730959e-06
1.60643731299e-06
1.6064373159e-06
1.60643731929e-06
1.60643732292e-06
1.60643732634e-06
1.60643733023e-06
1.60643733394e-06
1.60643733763e-06
1.60643734079e-06
1.60643734436e-06
1.60643734836e-06
1.60643735169e-06
1.60643735459e-06
1.60643735797e-06
1.60643736177e-06
1.60643736521e-06
1.60643736908e-06
1.60643737279e-06
1.60643737659e-06
1.60643738006e-06
1.6064373837e-06
1.60643738708e-06
1.60643739078e-06
4.91006943506e-06
6.63463009955e-06
4.85757280432e-06
3.64711962683e-06
2.83347544557e-06
2.35603937261e-06
2.06078050011e-06
1.88159640739e-06
1.77063632722e-06
1.70281687681e-06
1.66148598168e-06
1.63678786271e-06
1.62241646785e-06
1.61425391865e-06
1.60980497029e-06
1.60752527721e-06
1.60646060743e-06
1.60604583117e-06
1.60595663559e-06
1.60601259304e-06
1.60611700808e-06
1.6062226513e-06
1.60631084598e-06
1.60637668198e-06
1.60642173395e-06
1.60644991736e-06
1.60646555205e-06
1.60647249301e-06
1.60647384507e-06
1.60647184777e-06
1.60646812604e-06
1.60646373446e-06
1.60645932218e-06
1.60645524675e-06
1.6064516749e-06
1.60644865732e-06
1.60644617819e-06
1.60644418411e-06
1.60644260396e-06
1.6064413665e-06
1.60644040562e-06
1.60643966429e-06
1.60643909506e-06
1.60643865926e-06
1.60643832593e-06
1.6064380699e-06
1.60643787459e-06
1.60643772628e-06
1.60643761231e-06
1.6064375252e-06
1.60643745928e-06
1.60643740895e-06
1.60643737084e-06
1.60643734168e-06
1.60643732044e-06
1.60643730492e-06
1.60643729275e-06
1.60643728423e-06
1.60643727805e-06
1.60643727383e-06
1.60643727185e-06
1.60643727189e-06
1.60643727189e-06
1.60643727237e-06
1.60643727329e-06
1.60643727462e-06
1.60643727772e-06
1.6064372808e-06
1.60643728329e-06
1.60643728625e-06
1.60643728904e-06
1.60643729243e-06
1.60643729557e-06
1.60643729823e-06
1.60643730221e-06
1.60643730571e-06
1.60643730847e-06
1.60643731205e-06
1.60643731638e-06
1.60643732002e-06
1.60643732312e-06
1.60643732656e-06
1.60643732999e-06
1.60643733328e-06
1.60643733665e-06
1.60643734004e-06
1.60643734388e-06
1.60643734744e-06
1.60643735162e-06
1.60643735547e-06
1.6064373587e-06
1.6064373627e-06
1.60643736594e-06
1.60643736942e-06
1.60643737358e-06
1.60643737696e-06
1.60643738028e-06
1.60643738423e-06
1.60643738662e-06
1.60643738888e-06
)
;
    }
    frontAndBack
    {
        type            empty;
    }
}


// ************************************************************************* //
