/*--------------------------------*- C++ -*----------------------------------*\
| =========                 |                                                 |
| \\      /  F ield         | OpenFOAM: The Open Source CFD Toolbox           |
|  \\    /   O peration     | Version:  v2012                                 |
|   \\  /    A nd           | Website:  www.openfoam.com                      |
|    \\/     M anipulation  |                                                 |
\*---------------------------------------------------------------------------*/
FoamFile
{
    version     2.0;
    format      ascii;
    class       vectorField;
    location    "constant/polyMesh";
    object      points;
}
// * * * * * * * * * * * * * * * * * * * * * * * * * * * * * * * * * * * * * //


4700
(
(-0.005 0 0)
(0.005 0 0)
(0.5 1 0)
(0.5 5 0)
(-0.5 5 0)
(-0.5 1 0)
(-0.005 0 0.005)
(0.005 0 0.005)
(0.5 1 0.005)
(0.5 5 0.005)
(-0.5 5 0.005)
(-0.5 1 0.005)
(-0.0025 0 0)
(-1.26947e-14 0 0)
(0.0025 0 0)
(0.00749462 0.00503965 0)
(0.010114 0.0103313 0)
(0.0128643 0.0158875 0)
(0.0157521 0.0217215 0)
(0.0187844 0.0278472 0)
(0.0219682 0.0342792 0)
(0.0253113 0.0410328 0)
(0.0288214 0.0481241 0)
(0.0325071 0.05557 0)
(0.0363771 0.0633881 0)
(0.0404406 0.0715972 0)
(0.0447073 0.0802167 0)
(0.0491872 0.0892672 0)
(0.0538912 0.0987702 0)
(0.0588304 0.108748 0)
(0.0640166 0.119225 0)
(0.069462 0.130226 0)
(0.0751797 0.141777 0)
(0.0811833 0.153906 0)
(0.0874871 0.166641 0)
(0.0941061 0.180012 0)
(0.101056 0.194053 0)
(0.108353 0.208795 0)
(0.116016 0.224274 0)
(0.124061 0.240528 0)
(0.132509 0.257594 0)
(0.141379 0.275513 0)
(0.150693 0.294328 0)
(0.160472 0.314084 0)
(0.17074 0.334828 0)
(0.181522 0.356609 0)
(0.192842 0.379479 0)
(0.204729 0.403493 0)
(0.21721 0.428707 0)
(0.230315 0.455182 0)
(0.244076 0.482981 0)
(0.258524 0.51217 0)
(0.273695 0.542818 0)
(0.289624 0.574998 0)
(0.30635 0.608788 0)
(0.323912 0.644267 0)
(0.342352 0.68152 0)
(0.361715 0.720636 0)
(0.382045 0.761707 0)
(0.403392 0.804832 0)
(0.425806 0.850113 0)
(0.449341 0.897659 0)
(0.474053 0.947581 0)
(0.5 1.05 0)
(0.5 1.1 0)
(0.5 1.15 0)
(0.5 1.2 0)
(0.5 1.25 0)
(0.5 1.3 0)
(0.5 1.35 0)
(0.5 1.4 0)
(0.5 1.45 0)
(0.5 1.5 0)
(0.5 1.55 0)
(0.5 1.6 0)
(0.5 1.65 0)
(0.5 1.7 0)
(0.5 1.75 0)
(0.5 1.8 0)
(0.5 1.85 0)
(0.5 1.9 0)
(0.5 1.95 0)
(0.5 2 0)
(0.5 2.05 0)
(0.5 2.1 0)
(0.5 2.15 0)
(0.5 2.2 0)
(0.5 2.25 0)
(0.5 2.3 0)
(0.5 2.35 0)
(0.5 2.4 0)
(0.5 2.45 0)
(0.5 2.5 0)
(0.5 2.55 0)
(0.5 2.6 0)
(0.5 2.65 0)
(0.5 2.7 0)
(0.5 2.75 0)
(0.5 2.8 0)
(0.5 2.85 0)
(0.5 2.9 0)
(0.5 2.95 0)
(0.5 3 0)
(0.5 3.05 0)
(0.5 3.1 0)
(0.5 3.15 0)
(0.5 3.2 0)
(0.5 3.25 0)
(0.5 3.3 0)
(0.5 3.35 0)
(0.5 3.4 0)
(0.5 3.45 0)
(0.5 3.5 0)
(0.5 3.55 0)
(0.5 3.6 0)
(0.5 3.65 0)
(0.5 3.7 0)
(0.5 3.75 0)
(0.5 3.8 0)
(0.5 3.85 0)
(0.5 3.9 0)
(0.5 3.95 0)
(0.5 4 0)
(0.5 4.05 0)
(0.5 4.1 0)
(0.5 4.15 0)
(0.5 4.2 0)
(0.5 4.25 0)
(0.5 4.3 0)
(0.5 4.35 0)
(0.5 4.4 0)
(0.5 4.45 0)
(0.5 4.5 0)
(0.5 4.55 0)
(0.5 4.6 0)
(0.5 4.65 0)
(0.5 4.7 0)
(0.5 4.75 0)
(0.5 4.8 0)
(0.5 4.85 0)
(0.5 4.9 0)
(0.5 4.95 0)
(0.45 5 0)
(0.4 5 0)
(0.35 5 0)
(0.3 5 0)
(0.25 5 0)
(0.2 5 0)
(0.15 5 0)
(0.1 5 0)
(0.05 5 0)
(1.37612e-12 5 0)
(-0.05 5 0)
(-0.1 5 0)
(-0.15 5 0)
(-0.2 5 0)
(-0.25 5 0)
(-0.3 5 0)
(-0.35 5 0)
(-0.4 5 0)
(-0.45 5 0)
(-0.5 4.95 0)
(-0.5 4.9 0)
(-0.5 4.85 0)
(-0.5 4.8 0)
(-0.5 4.75 0)
(-0.5 4.7 0)
(-0.5 4.65 0)
(-0.5 4.6 0)
(-0.5 4.55 0)
(-0.5 4.5 0)
(-0.5 4.45 0)
(-0.5 4.4 0)
(-0.5 4.35 0)
(-0.5 4.3 0)
(-0.5 4.25 0)
(-0.5 4.2 0)
(-0.5 4.15 0)
(-0.5 4.1 0)
(-0.5 4.05 0)
(-0.5 4 0)
(-0.5 3.95 0)
(-0.5 3.9 0)
(-0.5 3.85 0)
(-0.5 3.8 0)
(-0.5 3.75 0)
(-0.5 3.7 0)
(-0.5 3.65 0)
(-0.5 3.6 0)
(-0.5 3.55 0)
(-0.5 3.5 0)
(-0.5 3.45 0)
(-0.5 3.4 0)
(-0.5 3.35 0)
(-0.5 3.3 0)
(-0.5 3.25 0)
(-0.5 3.2 0)
(-0.5 3.15 0)
(-0.5 3.1 0)
(-0.5 3.05 0)
(-0.5 3 0)
(-0.5 2.95 0)
(-0.5 2.9 0)
(-0.5 2.85 0)
(-0.5 2.8 0)
(-0.5 2.75 0)
(-0.5 2.7 0)
(-0.5 2.65 0)
(-0.5 2.6 0)
(-0.5 2.55 0)
(-0.5 2.5 0)
(-0.5 2.45 0)
(-0.5 2.4 0)
(-0.5 2.35 0)
(-0.5 2.3 0)
(-0.5 2.25 0)
(-0.5 2.2 0)
(-0.5 2.15 0)
(-0.5 2.1 0)
(-0.5 2.05 0)
(-0.5 2 0)
(-0.5 1.95 0)
(-0.5 1.9 0)
(-0.5 1.85 0)
(-0.5 1.8 0)
(-0.5 1.75 0)
(-0.5 1.7 0)
(-0.5 1.65 0)
(-0.5 1.6 0)
(-0.5 1.55 0)
(-0.5 1.5 0)
(-0.5 1.45 0)
(-0.5 1.4 0)
(-0.5 1.35 0)
(-0.5 1.3 0)
(-0.5 1.25 0)
(-0.5 1.2 0)
(-0.5 1.15 0)
(-0.5 1.1 0)
(-0.5 1.05 0)
(-0.474053 0.947581 0)
(-0.449341 0.897659 0)
(-0.425806 0.850113 0)
(-0.403392 0.804832 0)
(-0.382045 0.761707 0)
(-0.361715 0.720636 0)
(-0.342352 0.68152 0)
(-0.323912 0.644267 0)
(-0.30635 0.608788 0)
(-0.289624 0.574998 0)
(-0.273695 0.542818 0)
(-0.258524 0.51217 0)
(-0.244076 0.482981 0)
(-0.230315 0.455182 0)
(-0.21721 0.428707 0)
(-0.204729 0.403493 0)
(-0.192842 0.379479 0)
(-0.181522 0.356609 0)
(-0.17074 0.334828 0)
(-0.160472 0.314084 0)
(-0.150693 0.294328 0)
(-0.141379 0.275513 0)
(-0.132509 0.257594 0)
(-0.124061 0.240528 0)
(-0.116016 0.224274 0)
(-0.108353 0.208795 0)
(-0.101056 0.194053 0)
(-0.0941061 0.180012 0)
(-0.0874871 0.166641 0)
(-0.0811833 0.153906 0)
(-0.0751797 0.141777 0)
(-0.069462 0.130226 0)
(-0.0640166 0.119225 0)
(-0.0588304 0.108748 0)
(-0.0538912 0.0987702 0)
(-0.0491872 0.0892672 0)
(-0.0447073 0.0802167 0)
(-0.0404406 0.0715972 0)
(-0.0363771 0.0633881 0)
(-0.0325071 0.05557 0)
(-0.0288214 0.0481241 0)
(-0.0253113 0.0410328 0)
(-0.0219682 0.0342792 0)
(-0.0187844 0.0278472 0)
(-0.0157521 0.0217215 0)
(-0.0128643 0.0158875 0)
(-0.010114 0.0103313 0)
(-0.00749462 0.00503965 0)
(-0.0025 0 0.005)
(-1.26947e-14 0 0.005)
(0.0025 0 0.005)
(0.00749462 0.00503965 0.005)
(0.010114 0.0103313 0.005)
(0.0128643 0.0158875 0.005)
(0.0157521 0.0217215 0.005)
(0.0187844 0.0278472 0.005)
(0.0219682 0.0342792 0.005)
(0.0253113 0.0410328 0.005)
(0.0288214 0.0481241 0.005)
(0.0325071 0.05557 0.005)
(0.0363771 0.0633881 0.005)
(0.0404406 0.0715972 0.005)
(0.0447073 0.0802167 0.005)
(0.0491872 0.0892672 0.005)
(0.0538912 0.0987702 0.005)
(0.0588304 0.108748 0.005)
(0.0640166 0.119225 0.005)
(0.069462 0.130226 0.005)
(0.0751797 0.141777 0.005)
(0.0811833 0.153906 0.005)
(0.0874871 0.166641 0.005)
(0.0941061 0.180012 0.005)
(0.101056 0.194053 0.005)
(0.108353 0.208795 0.005)
(0.116016 0.224274 0.005)
(0.124061 0.240528 0.005)
(0.132509 0.257594 0.005)
(0.141379 0.275513 0.005)
(0.150693 0.294328 0.005)
(0.160472 0.314084 0.005)
(0.17074 0.334828 0.005)
(0.181522 0.356609 0.005)
(0.192842 0.379479 0.005)
(0.204729 0.403493 0.005)
(0.21721 0.428707 0.005)
(0.230315 0.455182 0.005)
(0.244076 0.482981 0.005)
(0.258524 0.51217 0.005)
(0.273695 0.542818 0.005)
(0.289624 0.574998 0.005)
(0.30635 0.608788 0.005)
(0.323912 0.644267 0.005)
(0.342352 0.68152 0.005)
(0.361715 0.720636 0.005)
(0.382045 0.761707 0.005)
(0.403392 0.804832 0.005)
(0.425806 0.850113 0.005)
(0.449341 0.897659 0.005)
(0.474053 0.947581 0.005)
(0.5 1.05 0.005)
(0.5 1.1 0.005)
(0.5 1.15 0.005)
(0.5 1.2 0.005)
(0.5 1.25 0.005)
(0.5 1.3 0.005)
(0.5 1.35 0.005)
(0.5 1.4 0.005)
(0.5 1.45 0.005)
(0.5 1.5 0.005)
(0.5 1.55 0.005)
(0.5 1.6 0.005)
(0.5 1.65 0.005)
(0.5 1.7 0.005)
(0.5 1.75 0.005)
(0.5 1.8 0.005)
(0.5 1.85 0.005)
(0.5 1.9 0.005)
(0.5 1.95 0.005)
(0.5 2 0.005)
(0.5 2.05 0.005)
(0.5 2.1 0.005)
(0.5 2.15 0.005)
(0.5 2.2 0.005)
(0.5 2.25 0.005)
(0.5 2.3 0.005)
(0.5 2.35 0.005)
(0.5 2.4 0.005)
(0.5 2.45 0.005)
(0.5 2.5 0.005)
(0.5 2.55 0.005)
(0.5 2.6 0.005)
(0.5 2.65 0.005)
(0.5 2.7 0.005)
(0.5 2.75 0.005)
(0.5 2.8 0.005)
(0.5 2.85 0.005)
(0.5 2.9 0.005)
(0.5 2.95 0.005)
(0.5 3 0.005)
(0.5 3.05 0.005)
(0.5 3.1 0.005)
(0.5 3.15 0.005)
(0.5 3.2 0.005)
(0.5 3.25 0.005)
(0.5 3.3 0.005)
(0.5 3.35 0.005)
(0.5 3.4 0.005)
(0.5 3.45 0.005)
(0.5 3.5 0.005)
(0.5 3.55 0.005)
(0.5 3.6 0.005)
(0.5 3.65 0.005)
(0.5 3.7 0.005)
(0.5 3.75 0.005)
(0.5 3.8 0.005)
(0.5 3.85 0.005)
(0.5 3.9 0.005)
(0.5 3.95 0.005)
(0.5 4 0.005)
(0.5 4.05 0.005)
(0.5 4.1 0.005)
(0.5 4.15 0.005)
(0.5 4.2 0.005)
(0.5 4.25 0.005)
(0.5 4.3 0.005)
(0.5 4.35 0.005)
(0.5 4.4 0.005)
(0.5 4.45 0.005)
(0.5 4.5 0.005)
(0.5 4.55 0.005)
(0.5 4.6 0.005)
(0.5 4.65 0.005)
(0.5 4.7 0.005)
(0.5 4.75 0.005)
(0.5 4.8 0.005)
(0.5 4.85 0.005)
(0.5 4.9 0.005)
(0.5 4.95 0.005)
(0.45 5 0.005)
(0.4 5 0.005)
(0.35 5 0.005)
(0.3 5 0.005)
(0.25 5 0.005)
(0.2 5 0.005)
(0.15 5 0.005)
(0.1 5 0.005)
(0.05 5 0.005)
(1.37612e-12 5 0.005)
(-0.05 5 0.005)
(-0.1 5 0.005)
(-0.15 5 0.005)
(-0.2 5 0.005)
(-0.25 5 0.005)
(-0.3 5 0.005)
(-0.35 5 0.005)
(-0.4 5 0.005)
(-0.45 5 0.005)
(-0.5 4.95 0.005)
(-0.5 4.9 0.005)
(-0.5 4.85 0.005)
(-0.5 4.8 0.005)
(-0.5 4.75 0.005)
(-0.5 4.7 0.005)
(-0.5 4.65 0.005)
(-0.5 4.6 0.005)
(-0.5 4.55 0.005)
(-0.5 4.5 0.005)
(-0.5 4.45 0.005)
(-0.5 4.4 0.005)
(-0.5 4.35 0.005)
(-0.5 4.3 0.005)
(-0.5 4.25 0.005)
(-0.5 4.2 0.005)
(-0.5 4.15 0.005)
(-0.5 4.1 0.005)
(-0.5 4.05 0.005)
(-0.5 4 0.005)
(-0.5 3.95 0.005)
(-0.5 3.9 0.005)
(-0.5 3.85 0.005)
(-0.5 3.8 0.005)
(-0.5 3.75 0.005)
(-0.5 3.7 0.005)
(-0.5 3.65 0.005)
(-0.5 3.6 0.005)
(-0.5 3.55 0.005)
(-0.5 3.5 0.005)
(-0.5 3.45 0.005)
(-0.5 3.4 0.005)
(-0.5 3.35 0.005)
(-0.5 3.3 0.005)
(-0.5 3.25 0.005)
(-0.5 3.2 0.005)
(-0.5 3.15 0.005)
(-0.5 3.1 0.005)
(-0.5 3.05 0.005)
(-0.5 3 0.005)
(-0.5 2.95 0.005)
(-0.5 2.9 0.005)
(-0.5 2.85 0.005)
(-0.5 2.8 0.005)
(-0.5 2.75 0.005)
(-0.5 2.7 0.005)
(-0.5 2.65 0.005)
(-0.5 2.6 0.005)
(-0.5 2.55 0.005)
(-0.5 2.5 0.005)
(-0.5 2.45 0.005)
(-0.5 2.4 0.005)
(-0.5 2.35 0.005)
(-0.5 2.3 0.005)
(-0.5 2.25 0.005)
(-0.5 2.2 0.005)
(-0.5 2.15 0.005)
(-0.5 2.1 0.005)
(-0.5 2.05 0.005)
(-0.5 2 0.005)
(-0.5 1.95 0.005)
(-0.5 1.9 0.005)
(-0.5 1.85 0.005)
(-0.5 1.8 0.005)
(-0.5 1.75 0.005)
(-0.5 1.7 0.005)
(-0.5 1.65 0.005)
(-0.5 1.6 0.005)
(-0.5 1.55 0.005)
(-0.5 1.5 0.005)
(-0.5 1.45 0.005)
(-0.5 1.4 0.005)
(-0.5 1.35 0.005)
(-0.5 1.3 0.005)
(-0.5 1.25 0.005)
(-0.5 1.2 0.005)
(-0.5 1.15 0.005)
(-0.5 1.1 0.005)
(-0.5 1.05 0.005)
(-0.474053 0.947581 0.005)
(-0.449341 0.897659 0.005)
(-0.425806 0.850113 0.005)
(-0.403392 0.804832 0.005)
(-0.382045 0.761707 0.005)
(-0.361715 0.720636 0.005)
(-0.342352 0.68152 0.005)
(-0.323912 0.644267 0.005)
(-0.30635 0.608788 0.005)
(-0.289624 0.574998 0.005)
(-0.273695 0.542818 0.005)
(-0.258524 0.51217 0.005)
(-0.244076 0.482981 0.005)
(-0.230315 0.455182 0.005)
(-0.21721 0.428707 0.005)
(-0.204729 0.403493 0.005)
(-0.192842 0.379479 0.005)
(-0.181522 0.356609 0.005)
(-0.17074 0.334828 0.005)
(-0.160472 0.314084 0.005)
(-0.150693 0.294328 0.005)
(-0.141379 0.275513 0.005)
(-0.132509 0.257594 0.005)
(-0.124061 0.240528 0.005)
(-0.116016 0.224274 0.005)
(-0.108353 0.208795 0.005)
(-0.101056 0.194053 0.005)
(-0.0941061 0.180012 0.005)
(-0.0874871 0.166641 0.005)
(-0.0811833 0.153906 0.005)
(-0.0751797 0.141777 0.005)
(-0.069462 0.130226 0.005)
(-0.0640166 0.119225 0.005)
(-0.0588304 0.108748 0.005)
(-0.0538912 0.0987702 0.005)
(-0.0491872 0.0892672 0.005)
(-0.0447073 0.0802167 0.005)
(-0.0404406 0.0715972 0.005)
(-0.0363771 0.0633881 0.005)
(-0.0325071 0.05557 0.005)
(-0.0288214 0.0481241 0.005)
(-0.0253113 0.0410328 0.005)
(-0.0219682 0.0342792 0.005)
(-0.0187844 0.0278472 0.005)
(-0.0157521 0.0217215 0.005)
(-0.0128643 0.0158875 0.005)
(-0.010114 0.0103313 0.005)
(-0.00749462 0.00503965 0.005)
(-0.452551 1.20086 0)
(-0.450619 1.45025 0)
(-0.45008 1.70007 0)
(-0.450005 1.95002 0)
(-0.45 2.2 0)
(-0.45 2.45 0)
(-0.45 2.7 0)
(-0.45 2.95 0)
(-0.45 4.1 0)
(-0.45 4.35 0)
(-0.45 3.55 0)
(-0.45 3.9 0)
(-0.45 3.35 0)
(0.451885 1.10256 0)
(0.450148 1.35015 0)
(0.449988 1.6001 0)
(0.449999 1.85003 0)
(0.45 2.10001 0)
(0.45 2.35 0)
(0.45 2.6 0)
(0.45 2.85 0)
(0.45 3.15 0)
(0.45 3.45 0)
(0.45 3.75 0)
(0.45 4 0)
(0.45 4.25 0)
(0.45 4.45 0)
(-0.377762 0.876701 0)
(0.306014 0.702648 0)
(-0.25626 0.594276 0)
(0.215614 0.500126 0)
(-0.17926 0.417333 0)
(0.140011 0.326321 0)
(-0.114712 0.267864 0)
(-0.05 4.95 0)
(0.0864091 0.202627 0)
(-0.0742756 0.173634 0)
(0.0577509 0.136164 0)
(-0.0486084 0.113931 0)
(0.0398597 0.093681 0)
(-0.45 4.7 0)
(-0.0285454 0.0679698 0)
(0.0190995 0.0447613 0)
(0.15 4.95 0)
(0.45 4.6 0)
(0.45 4.75 0)
(-0.25 4.95 0)
(-0.0127546 0.0313303 0)
(-0.0217876 0.052543 0)
(-0.45 4.85 0)
(0.3 4.95 0)
(0.402097 0.920196 0)
(0.00719293 0.0193818 0)
(-0.321428 0.743458 0)
(-0.149248 0.347275 0)
(-0.45 3.75 0)
(-0.45 3.2 0)
(0.45 4.85 0)
(-0.45 4.55 0)
(-0.00237818 0.0093243 0)
(0.272815 0.6288 0)
(-0.0864526 0.201857 0)
(-0.202086 0.470588 0)
(0.191154 0.444438 0)
(0.0323876 0.0754139 0)
(-0.0360738 0.0850191 0)
(0.45093 1.20056 0)
(0.0682287 0.160878 0)
(0.158897 0.370232 0)
(0.450013 1.45013 0)
(0.45 2.2 0)
(0.45 2.7 0)
(0.45 2.95 0)
(0.45 3.25 0)
(0.45 3.55 0)
(0.45 3.85 0)
(0.45 4.1 0)
(-0.45 4.25 0)
(-0.4 4.95 0)
(0.4 4.95 0)
(-0.45 3.1 0)
(-0.45 2.6 0)
(-0.45 2.35 0)
(-0.450195 1.60011 0)
(-0.451167 1.35041 0)
(-0.45433 1.10122 0)
(-0.459947 1.01469 0)
(0.44347 1.01247 0)
(0.000462718 0.00458516 0)
(0.361526 0.826607 0)
(0.0440171 0.103535 0)
(-0.057966 0.13607 0)
(-0.122775 0.286448 0)
(0.228829 0.530041 0)
(-0.287498 0.665303 0)
(0.131243 0.305913 0)
(0.114917 0.268002 0)
(0.0130816 0.031389 0)
(-0.0102593 0.0247941 0)
(-0.35826 0.829874 0)
(-0.0186423 0.0452806 0)
(0.0257368 0.0594426 0)
(-0.0401163 0.0941721 0)
(0.0483763 0.113863 0)
(0.0739544 0.17417 0)
(0.0930954 0.217814 0)
(-0.0998248 0.233185 0)
(0.107323 0.250425 0)
(-0.131234 0.305855 0)
(0.179838 0.418527 0)
(-0.00806255 0.0190506 0)
(-0.227741 0.529519 0)
(0.242747 0.561424 0)
(0.323801 0.742112 0)
(-0.1588 0.369447 0)
(-0.0685702 0.16053 0)
(0.450556 1.2503 0)
(-0.450296 1.55015 0)
(0.44999 1.65008 0)
(0.449993 1.70006 0)
(0.449996 1.75005 0)
(-0.450029 1.80004 0)
(-0.450009 1.90002 0)
(0.45 1.90002 0)
(0.45 1.95002 0)
(-0.450001 2.05001 0)
(-0.45 2.15 0)
(-0.45 2.3 0)
(0.45 2.4 0)
(0.45 2.45 0)
(-0.45 2.55 0)
(0.45 2.75 0)
(-0.45 2.8 0)
(0.45 3 0)
(0.45 3.05 0)
(0.45 3.3 0)
(0.45 3.35 0)
(0.45 3.6 0)
(0.45 3.65 0)
(-0.45 3.5 0)
(-0.45 3.45 0)
(-0.45 3.7 0)
(-0.45 3.65 0)
(0.45 3.9 0)
(-0.45 3.85 0)
(-0.45 4.05 0)
(-0.45 4 0)
(-0.45 4.2 0)
(0.45 4.3 0)
(0.45 4.5 0)
(-0.45 4.5 0)
(-0.45 4.65 0)
(-0.15 4.95 0)
(0.05 4.95 0)
(-0.35 4.95 0)
(0.45 4.9 0)
(-0.45 4.95 0)
(0.45 4.95 0)
(0.2 4.95 0)
(-0.45 4.8 0)
(0.45 4.65 0)
(-0.45 4.45 0)
(0.45 4.35 0)
(0.45 4.15 0)
(-0.45 3.3 0)
(-0.45 3.05 0)
(-0.45 2.9 0)
(0.45 2.5 0)
(0.45 2.25 0)
(0.45 2.00001 0)
(0.449992 1.50012 0)
(-0.451547 1.30054 0)
(-0.420919 0.989363 0)
(-0.00293804 0.00317492 0)
(0.00329709 0.00297105 0)
(0.00376686 0.00749252 0)
(-0.403073 1.30105 0)
(-0.400591 1.55029 0)
(0.399997 1.85006 0)
(-0.400001 2.15001 0)
(0.4 2.4 0)
(0.4 3 0)
(0.4 3.25 0)
(-0.4 3.5 0)
(-0.4 4.05 0)
(0.4 4.3 0)
(-0.4 3.75 0)
(0.4 2.7 0)
(0.401692 1.20073 0)
(0.399978 1.45024 0)
(-0.4 2.55 0)
(0.4 3.6 0)
(-0.4 2.9 0)
(-0.4 4.5 0)
(0.4 3.85 0)
(-0.400019 1.90004 0)
(-0.31229 0.852476 0)
(0.268921 0.721901 0)
(0.186517 0.51577 0)
(-0.127376 0.358667 0)
(0.111393 0.316478 0)
(-0.0964868 0.277256 0)
(0.0714606 0.210517 0)
(-0.0557169 0.166515 0)
(0.0339415 0.107785 0)
(0.4 4.6 0)
(0.2 4.9 0)
(-0.0272626 0.0893826 0)
(-0.4 4.7 0)
(-0.4 3.35 0)
(-0.4 3.05 0)
(-0.4 2.3 0)
(0.399961 1.60018 0)
(-0.0118505 0.0493341 0)
(-0.00365858 0.0269185 0)
(-0.4 4.85 0)
(0.4 1.95003 0)
(0.399981 1.70013 0)
(-0.410541 1.05146 0)
(0.0034771 0.0127781 0)
(-0.39787 0.927335 0)
(0.381359 0.872062 0)
(0.342329 0.783372 0)
(0.289021 0.664874 0)
(-0.190335 0.443255 0)
(-0.0802325 0.187381 0)
(-0.0250798 0.0600761 0)
(-0.339456 0.78555 0)
(-0.304111 0.703417 0)
(-0.271539 0.628955 0)
(0.424575 0.968153 0)
(-0.241645 0.561145 0)
(0.203073 0.471602 0)
(0.149217 0.347743 0)
(0.122884 0.286482 0)
(-0.107062 0.250097 0)
(0.0800186 0.188082 0)
(0.0628335 0.148206 0)
(-0.0631237 0.148014 0)
(0.0529429 0.124721 0)
(-0.0531362 0.12469 0)
(0.035958 0.0842778 0)
(-0.0322092 0.0762772 0)
(0.0290569 0.0671685 0)
(0.0160191 0.0378639 0)
(0.010201 0.0252868 0)
(0.4 2.45 0)
(0.4 3.3 0)
(-0.4 3.7 0)
(-0.35 4.9 0)
(-0.4 4.9 0)
(0.45 3.95 0)
(-0.1 4.95 0)
(0.45 3.8 0)
(-0.2 4.95 0)
(-0.3 4.95 0)
(0.45 3.1 0)
(-0.45 2.85 0)
(-3.05589e-12 4.95 0)
(-0.45 2.75 0)
(0.45 3.7 0)
(0.45 3.5 0)
(0.45 3.4 0)
(0.45 3.2 0)
(-0.45 2.65 0)
(0.35 4.95 0)
(0.25 4.95 0)
(0.45 4.4 0)
(0.45 4.55 0)
(-0.45 4.15 0)
(-0.45 4.3 0)
(-0.45 4.4 0)
(0.45 4.7 0)
(0.45 4.8 0)
(0.45 4.2 0)
(-0.45 4.6 0)
(0.1 4.95 0)
(-0.45 3 0)
(-0.45 3.95 0)
(0.45 2.8 0)
(0.45 4.05 0)
(-0.45 3.8 0)
(-0.45 3.4 0)
(-0.45 3.6 0)
(-0.45 4.75 0)
(0.45 2.65 0)
(-0.45 2.5 0)
(0.45 2.9 0)
(0.45 2.55 0)
(-0.45 3.25 0)
(-0.45 3.15 0)
(-0.45 2.4 0)
(0.45 2.3 0)
(-0.45 4.9 0)
(-0.45 2.25 0)
(0.4 4.85 0)
(0.4 4.9 0)
(0.45 2.15 0)
(-0.450001 2.10001 0)
(0.45 2.05001 0)
(-0.450003 2.00001 0)
(-0.450017 1.85003 0)
(0.449998 1.80004 0)
(-0.45005 1.75005 0)
(-0.450128 1.65009 0)
(0.449985 1.55011 0)
(-0.450439 1.50019 0)
(-0.450865 1.40032 0)
(0.450056 1.40014 0)
(-0.452008 1.25069 0)
(0.450303 1.30019 0)
(-0.453253 1.15103 0)
(0.451419 1.15115 0)
(-0.10376 0.296515 0)
(0.198467 0.546341 0)
(0.257401 0.594321 0)
(-0.214543 0.499331 0)
(0.169094 0.393808 0)
(-0.168775 0.392756 0)
(-0.00541846 0.014024 0)
(-0.140062 0.326106 0)
(0.100062 0.233717 0)
(-0.0929691 0.217105 0)
(-0.044295 0.103777 0)
(0.022367 0.0519953 0)
(-0.0156304 0.0382211 0)
(0.451312 1.05605 0)
(-0.456531 1.0522 0)
(-0.4 4.3 0)
(0.4 4.05 0)
(0.4 2.15001 0)
(0.35 3.25 0)
(-0.35 3.75 0)
(0.35 2.4 0)
(0.336234 0.891138 0)
(-0.250322 0.684485 0)
(-0.162737 0.456329 0)
(-0.0778028 0.285764 0)
(-7.07863e-12 4.9 0)
(0.156829 0.529803 0)
(0.0457448 0.141438 0)
(0.0218041 0.0703524 0)
(-0.0381908 0.118419 0)
(-0.0174805 0.0642047 0)
(-0.15 4.9 0)
(-0.35 4.85 0)
(-0.4 2.7 0)
(-0.400162 1.70013 0)
(0.15439 0.432315 0)
(-0.0715615 0.20882 0)
(-0.196161 0.545337 0)
(0.00994394 0.0409809 0)
(-0.4 3.95 0)
(0.4 3.4 0)
(-0.4 4.75 0)
(-0.4 4.2 0)
(-0.4 4.1 0)
(0.4 3.7 0)
(0.4 4.15 0)
(0.4 4.4 0)
(0.4 4.7 0)
(0.4 4.8 0)
(0.4 4.25 0)
(-0.4 3.25 0)
(-0.4 3.4 0)
(0.4 3.8 0)
(0.4 2.8 0)
(-0.4 3 0)
(0.4 3.1 0)
(0.4 3.2 0)
(0.4 2.55 0)
(-0.4 2.4 0)
(0.4 2.65 0)
(-0.4 2.5 0)
(-0.400005 2.00002 0)
(-0.4 2.25 0)
(0.4 2.25 0)
(0.4 2.35 0)
(-0.400001 2.10001 0)
(0.399994 1.80008 0)
(-0.401718 1.40063 0)
(0.39995 1.55021 0)
(-0.400871 1.50038 0)
(0.400484 1.30025 0)
(0.400045 1.40023 0)
(0.175225 0.486609 0)
(0.127228 0.359548 0)
(-0.119295 0.33719 0)
(0.224449 0.611968 0)
(0.253364 0.683688 0)
(-0.0237719 0.0804989 0)
(-0.00915036 0.0419968 0)
(-0.407825 1.10232 0)
(-0.0832458 0.24119 0)
(0.301966 0.80296 0)
(-0.00441754 0.0210925 0)
(-0.329091 0.900171 0)
(0.285171 0.761613 0)
(-0.0608284 0.179913 0)
(-0.280313 0.764141 0)
(0.0268171 0.0878018 0)
(0.0969513 0.277449 0)
(0.103999 0.296468 0)
(-0.089643 0.258772 0)
(0.408803 1.02381 0)
(-0.357803 1.00213 0)
(0.0302946 0.0976295 0)
(-0.0146115 0.0566835 0)
(-0.222131 0.611914 0)
(-0.406254 1.1521 0)
(-0.403974 1.25135 0)
(-0.400397 1.60023 0)
(-0.4001 1.7501 0)
(-0.400034 1.85006 0)
(0.4 2.00002 0)
(0.4 2.05002 0)
(-0.4 2.6 0)
(-0.4 2.75 0)
(-0.4 2.85 0)
(0.4 2.85 0)
(0.4 2.95 0)
(0.4 3.45 0)
(0.4 3.55 0)
(-0.4 3.65 0)
(-0.4 3.55 0)
(0.4 3.9 0)
(0.4 3.95 0)
(-0.4 4 0)
(-0.25 4.9 0)
(0.35 4.9 0)
(0.25 4.9 0)
(-0.4 4.45 0)
(-0.4 4.4 0)
(-0.4 4.8 0)
(-0.4 4.65 0)
(-0.4 4.55 0)
(-0.05 4.9 0)
(0.15 4.9 0)
(0.1 4.9 0)
(-0.3 4.9 0)
(0.4 4.65 0)
(0.4 4.5 0)
(0.4 4.55 0)
(0.4 4.35 0)
(-0.4 3.1 0)
(-0.4 3.85 0)
(-0.4 3.8 0)
(-0.4 3.45 0)
(-0.4 3.15 0)
(0.4 3.65 0)
(-0.4 3.3 0)
(0.4 3.35 0)
(0.4 3.05 0)
(-0.4 2.95 0)
(0.4 2.75 0)
(0.4 2.5 0)
(-0.4 2.35 0)
(-0.4 2.20001 0)
(-0.400011 1.95003 0)
(0.399999 1.90004 0)
(0.399988 1.7501 0)
(0.399971 1.65015 0)
(0.399949 1.50022 0)
(-0.402335 1.35081 0)
(0.400955 1.25036 0)
(-0.144174 0.404713 0)
(-0.296009 0.807116 0)
(-0.0419346 0.129482 0)
(-0.0507917 0.153658 0)
(-0.0309273 0.0986064 0)
(0.404156 1.10335 0)
(0.40274 1.15153 0)
(0.0377066 0.118397 0)
(0.0600662 0.181034 0)
(0.065592 0.195494 0)
(0.0501594 0.153961 0)
(-0.111396 0.316495 0)
(0.00472144 0.0285869 0)
(0.119127 0.337476 0)
(0.0157522 0.0557262 0)
(0.0902496 0.259401 0)
(0.0775648 0.226078 0)
(0.135767 0.382698 0)
(-0.173066 0.484486 0)
(0.211105 0.578389 0)
(-0.135632 0.381087 0)
(0.372151 0.99789 0)
(-0.0065887 0.0346572 0)
(-0.00130623 0.0180385 0)
(-0.360653 1.10398 0)
(-0.353449 1.35117 0)
(-0.350883 1.55043 0)
(0.349986 1.80011 0)
(-0.350002 2.10002 0)
(0.35 2.65 0)
(0.35 2.95 0)
(-0.35 3.5 0)
(-0.35 4 0)
(0.35 4.25 0)
(-0.35 4.5 0)
(0.356021 1.10213 0)
(0.349853 1.45029 0)
(0.35 2.00004 0)
(-0.35 2.30001 0)
(-0.35 2.55 0)
(-0.35 3.05 0)
(0.35 3.6 0)
(-0.35 3.3 0)
(0.35 3.85 0)
(-0.350051 1.85009 0)
(-0.279884 0.921496 0)
(0.231203 0.739315 0)
(-0.134284 0.467675 0)
(0.104822 0.370156 0)
(-0.0983466 0.347442 0)
(0.0728871 0.267311 0)
(0.35 4.5 0)
(-1.04616e-11 4.85 0)
(0.0507912 0.202301 0)
(-0.0382585 0.158753 0)
(0.0334121 0.145936 0)
(-0.0276741 0.121832 0)
(0.0205876 0.101183 0)
(-0.35 4.7 0)
(0.2 4.85 0)
(-0.0151008 0.0841743 0)
(0.35 4.65 0)
(0.35 3.4 0)
(-0.35 2.7 0)
(-0.35 2.85 0)
(0.349909 1.60026 0)
(0.351053 1.25008 0)
(-0.00501587 0.0533372 0)
(0.35 4.35 0)
(0.35 3.2 0)
(0.35 3.05 0)
(0.35 2.75 0)
(0.35 2.5 0)
(0.35 2.35 0)
(-0.350016 1.95005 0)
(0.146828 0.500112 0)
(0.178808 0.593686 0)
(-0.112168 0.391461 0)
(0.084778 0.305423 0)
(0.36003 1.05377 0)
(-0.361585 1.05386 0)
(2.70073e-05 0.0377472 0)
(0.319097 0.845974 0)
(0.246023 0.779267 0)
(0.238541 0.647034 0)
(-0.0427094 0.171834 0)
(-0.265081 0.723319 0)
(-0.153142 0.429732 0)
(0.164529 0.458821 0)
(-0.208816 0.577898 0)
(-0.350001 2.15001 0)
(-0.35 3.7 0)
(-0.35 3.45 0)
(-0.35 3.4 0)
(-0.35 3.8 0)
(0.35 3.3 0)
(-0.4 3.6 0)
(-0.35 4.1 0)
(-0.4 3.9 0)
(-0.4 4.15 0)
(-0.35 4.8 0)
(-0.35 4.45 0)
(-0.4 4.25 0)
(-0.4 4.35 0)
(-0.4 4.6 0)
(0.15 4.85 0)
(0.3 4.9 0)
(0.35 4.55 0)
(0.05 4.9 0)
(-0.1 4.9 0)
(0.35 3.9 0)
(-0.2 4.9 0)
(0.4 4.75 0)
(0.4 4.45 0)
(0.35 4.85 0)
(-0.3 4.85 0)
(0.4 4.1 0)
(0.4 4.2 0)
(0.4 4 0)
(0.35 3.65 0)
(0.4 3.75 0)
(-0.4 3.2 0)
(0.4 3.5 0)
(-0.35 3.1 0)
(-0.35 2.9 0)
(0.4 3.15 0)
(-0.35 2.95 0)
(0.35 2.8 0)
(0.4 2.9 0)
(-0.4 2.8 0)
(-0.4 2.65 0)
(0.4 2.6 0)
(-0.4 2.45 0)
(-0.35 2.35 0)
(0.35 2.45 0)
(0.349936 1.65022 0)
(0.349957 1.70018 0)
(0.4 2.3 0)
(0.4 2.20001 0)
(-0.350001 2.20001 0)
(0.4 2.10001 0)
(-0.400003 2.05002 0)
(0.349993 1.85009 0)
(0.349996 1.90007 0)
(-0.400061 1.80008 0)
(-0.40026 1.65017 0)
(0.349849 1.5003 0)
(-0.401246 1.45049 0)
(0.400195 1.35021 0)
(-0.00731413 0.0606948 0)
(0.353657 1.15085 0)
(-0.405025 1.20171 0)
(-0.35587 1.25195 0)
(0.0416168 0.129583 0)
(-0.0843579 0.305788 0)
(0.0912298 0.325949 0)
(-0.235973 0.647389 0)
(-0.345725 0.950214 0)
(0.14481 0.406945 0)
(0.0838216 0.24231 0)
(0.0240039 0.0785014 0)
(0.019106 0.0630955 0)
(-0.0717581 0.26648 0)
(-0.0205157 0.0720922 0)
(0.0549218 0.167165 0)
(-0.0461403 0.141289 0)
(-0.265547 0.872433 0)
(-0.238538 0.782503 0)
(-0.0182641 0.0933546 0)
(0.0237327 0.111481 0)
(0.00729242 0.0345485 0)
(-0.184208 0.514172 0)
(0.353195 0.93951 0)
(-0.0772468 0.224528 0)
(-0.034603 0.10819 0)
(0.0562615 0.217805 0)
(-0.0661065 0.193973 0)
(0.0126544 0.0481078 0)
(0.167486 0.560968 0)
(0.406013 1.05744 0)
(0.00197491 0.0229981 0)
(0.000539753 0.0309678 0)
(0.306681 1.0997 0)
(0.299615 1.4503 0)
(0.299975 1.80015 0)
(0.3 2.45 0)
(0.3 2.75 0)
(0.3 3.2 0)
(-0.3 3.5 0)
(-0.3 3.75 0)
(-0.3 4.5 0)
(-0.300003 2.10002 0)
(-0.3 2.30001 0)
(0.3 3.6 0)
(0.3 3.85 0)
(-0.3 3.05 0)
(-0.229309 0.939719 0)
(0.192924 0.75495 0)
(-0.187307 0.627931 0)
(0.135902 0.573878 0)
(0.3 4.5 0)
(-0.0585653 0.293379 0)
(-0.0564608 0.2148 0)
(0.0354764 0.208569 0)
(-0.0257572 0.163314 0)
(0.0653387 0.313373 0)
(-0.35 4.3 0)
(0.35 4.05 0)
(0.2 4.8 0)
(0.35 2.15001 0)
(0.299827 1.60033 0)
(0.291487 0.907075 0)
(-0.314574 1.05918 0)
(0.0162786 0.0721908 0)
(-0.00676568 0.0874559 0)
(0.0108502 0.104263 0)
(-0.3 4.8 0)
(0.25 4.85 0)
(0.05 4.85 0)
(-0.1 4.85 0)
(0.35 4.45 0)
(0.35 3.15 0)
(0.35 2.9 0)
(-0.35 2.8 0)
(-0.35 2.65 0)
(0.35 2.6 0)
(-0.350004 2.05003 0)
(-0.350385 1.65026 0)
(-0.357389 1.20253 0)
(-0.0662548 0.24815 0)
(0.119996 0.418898 0)
(0.13738 0.471855 0)
(-0.152964 0.527438 0)
(-0.0301271 0.133422 0)
(0.0173639 0.0911505 0)
(-0.126352 0.440462 0)
(0.0300627 0.133713 0)
(0.0674408 0.249972 0)
(-0.0251741 0.111898 0)
(-0.0122382 0.0756168 0)
(0.0412149 0.172722 0)
(0.00910407 0.059999 0)
(0.0052017 0.0430514 0)
(-0.309153 1.01508 0)
(-0.295601 0.970201 0)
(0.190843 0.627853 0)
(0.217044 0.700673 0)
(0.350071 1.35016 0)
(-0.251839 0.826163 0)
(-0.35 3.65 0)
(-0.35 3.55 0)
(-0.3 3.45 0)
(-0.35 3.9 0)
(-0.35 3.85 0)
(-0.35 3.95 0)
(-0.35 4.05 0)
(-0.35 4.2 0)
(-0.35 4.15 0)
(-0.35 4.75 0)
(0.3 4.85 0)
(0.35 3.95 0)
(-0.35 4.65 0)
(-0.35 4.55 0)
(-0.35 4.4 0)
(0.35 4.1 0)
(0.35 4.2 0)
(0.1 4.85 0)
(-0.15 4.85 0)
(-0.25 4.85 0)
(-0.05 4.85 0)
(0.35 4.7 0)
(0.35 4.8 0)
(0.35 4.6 0)
(0.35 4.3 0)
(0.35 4.4 0)
(0.35 3.7 0)
(0.35 3.8 0)
(-0.35 3.25 0)
(0.35 3.45 0)
(0.35 3.55 0)
(-0.35 3.15 0)
(-0.35 3.35 0)
(0.3 3.25 0)
(0.35 3.35 0)
(-0.35 3 0)
(0.35 3.1 0)
(0.35 3 0)
(0.35 2.85 0)
(-0.35 2.75 0)
(0.35 2.20001 0)
(0.35 2.30001 0)
(0.35 2.7 0)
(-0.35 2.6 0)
(-0.35 2.4 0)
(-0.35 2.5 0)
(0.35 2.05003 0)
(0.35 2.55 0)
(0.3 2.35001 0)
(-0.35 2.25001 0)
(-0.300001 2.15002 0)
(0.299986 1.85011 0)
(-0.350009 2.00004 0)
(0.349998 1.95005 0)
(-0.35003 1.90006 0)
(-0.350148 1.75015 0)
(-0.35009 1.80011 0)
(0.29988 1.65028 0)
(0.349973 1.75015 0)
(-0.350596 1.60033 0)
(0.349871 1.55029 0)
(-0.351838 1.4507 0)
(-0.351302 1.50055 0)
(0.3499 1.40023 0)
(-0.35256 1.40091 0)
(0.350415 1.30007 0)
(-0.163726 0.55959 0)
(-0.354565 1.30151 0)
(0.352078 1.20024 0)
(-0.212561 0.701769 0)
(0.0786205 0.285821 0)
(-0.047232 0.185446 0)
(0.261302 0.820537 0)
(-0.359043 1.15324 0)
(0.311311 1.00129 0)
(-0.22545 0.74111 0)
(0.0457566 0.187196 0)
(0.112148 0.393962 0)
(-0.0912838 0.326378 0)
(-0.119077 0.415129 0)
(0.037105 0.158938 0)
(-0.143103 0.49671 0)
(0.0268837 0.122268 0)
(-0.0217068 0.102736 0)
(-0.105315 0.369023 0)
(0.0978941 0.347484 0)
(-0.0338549 0.145959 0)
(0.0619153 0.233618 0)
(-0.00974389 0.0679105 0)
(0.117953 0.511942 0)
(0.000266876 0.0563222 0)
(0.00478275 0.0507123 0)
(-0.00264022 0.0459133 0)
(-0.3 4.1 0)
(-0.305947 1.30186 0)
(-0.301154 1.55054 0)
(-0.300193 1.7502 0)
(-0.250003 2.10003 0)
(-0.3 2.6 0)
(0.3 2.95 0)
(0.25 3.2 0)
(0.3 4.05 0)
(0.3 4.25 0)
(-0.3 2.8 0)
(0.299999 2.00005 0)
(-0.3 3.3 0)
(-0.25 3.5 0)
(0.3 2.15002 0)
(0.249958 1.80018 0)
(0.24971 1.60038 0)
(-0.174469 0.717147 0)
(-0.0935686 0.423755 0)
(-0.120619 0.539075 0)
(0.0820496 0.379448 0)
(-1.30512e-11 4.8 0)
(0.3 3.4 0)
(0.0183315 0.136914 0)
(0.0236176 0.16307 0)
(-0.3 3.95 0)
(-0.3 4.7 0)
(-0.3 4.55 0)
(0.3 3.55 0)
(0.3 2.30001 0)
(-0.300038 1.90008 0)
(-0.0173505 0.122624 0)
(0.300685 1.24936 0)
(0.3 4.65 0)
(0.25 4.8 0)
(-0.1 4.8 0)
(-0.25 4.8 0)
(0.3 4.35 0)
(0.3 4.45 0)
(0.3 3.8 0)
(0.3 3.05 0)
(0.3 3.15 0)
(0.3 2.55 0)
(-0.3 2.25001 0)
(0.299953 1.75019 0)
(0.299749 1.55035 0)
(-0.303322 1.40113 0)
(-0.196279 0.79832 0)
(-0.218114 0.889312 0)
(0.180102 0.715881 0)
(-0.276042 1.02644 0)
(0.0513013 0.25644 0)
(-0.0710164 0.335769 0)
(0.0597752 0.293091 0)
(0.109839 0.483476 0)
(-0.0215258 0.150617 0)
(0.0309045 0.192637 0)
(0.00824438 0.0945593 0)
(-0.00368963 0.0703812 0)
(0.310483 1.05046 0)
(0.145933 0.607193 0)
(-0.3 3.55 0)
(-0.3 3.9 0)
(-0.3 3.8 0)
(-0.3 3.7 0)
(-0.3 3.4 0)
(-0.35 3.6 0)
(-0.3 4.05 0)
(-0.3 4.75 0)
(-0.3 4.2 0)
(-0.35 4.25 0)
(0.3 4.8 0)
(-0.35 4.35 0)
(-0.3 4.45 0)
(-0.35 4.6 0)
(0.15 4.8 0)
(0.1 4.8 0)
(0.3 4.55 0)
(-0.2 4.85 0)
(0.35 4.75 0)
(0.3 3.9 0)
(0.35 4.15 0)
(0.3 3.3 0)
(0.35 4 0)
(0.3 3.65 0)
(0.35 3.75 0)
(0.35 3.5 0)
(-0.3 3.1 0)
(-0.35 3.2 0)
(0.3 2.8 0)
(-0.3 2.95 0)
(-0.3 3 0)
(-0.3 2.65 0)
(-0.3 2.7 0)
(0.3 2.6 0)
(0.3 2.7 0)
(0.3 2.85 0)
(-0.3 2.35 0)
(-0.3 2.5 0)
(0.3 2.5 0)
(-0.35 2.45 0)
(0.3 2.4 0)
(-0.300022 1.95006 0)
(-0.300006 2.05003 0)
(0.35 2.25001 0)
(0.299992 1.90009 0)
(-0.300001 2.20001 0)
(-0.300118 1.80015 0)
(0.35 2.10002 0)
(-0.350248 1.7002 0)
(-0.300778 1.60043 0)
(0.299921 1.70023 0)
(-0.302405 1.45088 0)
(0.299668 1.50034 0)
(0.300006 1.29965 0)
(0.299595 1.40017 0)
(0.276686 0.86308 0)
(-0.061213 0.230902 0)
(0.303804 1.14917 0)
(-0.309663 1.20316 0)
(0.206474 0.795172 0)
(0.0708956 0.334304 0)
(-0.00918317 0.0962879 0)
(0.0408015 0.224791 0)
(0.0134705 0.114617 0)
(-0.199777 0.664088 0)
(0.203593 0.663493 0)
(0.304344 0.953002 0)
(0.128429 0.444829 0)
(-0.098822 0.449093 0)
(-0.104767 0.476936 0)
(-0.0296223 0.176481 0)
(-0.175218 0.593085 0)
(-0.0775171 0.357101 0)
(-0.242554 0.999959 0)
(0.0136716 0.0799816 0)
(-0.313882 1.10587 0)
(0.0880065 0.403979 0)
(-0.0834208 0.378489 0)
(0.0129327 0.0673423 0)
(-0.0112631 0.108232 0)
(-0.0645332 0.314393 0)
(0.126578 0.542044 0)
(-0.0487742 0.253894 0)
(-0.0532994 0.273092 0)
(-0.0518254 0.199702 0)
(-0.00222847 0.0781891 0)
(0.256004 1.09606 0)
(0.249708 1.24827 0)
(-0.254004 1.40127 0)
(0.25 2.4 0)
(0.25 2.55 0)
(0.25 2.75 0)
(-0.25 2.95 0)
(-0.25 3.75 0)
(-0.25 3.95 0)
(-0.25 4.5 0)
(0.249097 1.40005 0)
(-0.251388 1.55064 0)
(-0.250234 1.75024 0)
(-0.25 2.25001 0)
(-0.25 2.65 0)
(0.25 3.6 0)
(0.25 3.85 0)
(0.25 4.45 0)
(-0.250046 1.9001 0)
(-0.227368 1.05702 0)
(0.15406 0.768804 0)
(0.0886023 0.521617 0)
(-0.0675984 0.430098 0)
(0.0589766 0.387187 0)
(-0.0506044 0.345198 0)
(0.0409276 0.299949 0)
(-0.0305888 0.258163 0)
(0.0193758 0.214299 0)
(-0.25 3.55 0)
(0.15 4.75 0)
(-0.250007 2.05004 0)
(0.248396 0.920903 0)
(-0.0102301 0.155366 0)
(-0.3 3.6 0)
(-0.3 4.35 0)
(-0.3 4.25 0)
(-0.3 4.6 0)
(-0.2 4.8 0)
(0.3 4.75 0)
(0.3 4 0)
(0.3 3.75 0)
(0.3 3.5 0)
(-0.25 3.05 0)
(0.25 3.15 0)
(-0.3 2.9 0)
(-0.3 2.45 0)
(0.3 2.25001 0)
(0.3 2.10003 0)
(-0.300322 1.70026 0)
(-0.178194 0.952266 0)
(0.168015 0.678196 0)
(-0.1409 0.606774 0)
(-0.163152 0.679163 0)
(0.0946092 0.429699 0)
(0.103844 0.584963 0)
(-0.037552 0.204519 0)
(-0.0448849 0.235993 0)
(0.000834934 0.106614 0)
(0.00452633 0.0861379 0)
(-0.3 3.65 0)
(-0.3 3.85 0)
(-0.3 4 0)
(-0.25 3.45 0)
(-0.25 4.75 0)
(-0.3 4.4 0)
(-0.3 4.65 0)
(-0.3 4.15 0)
(0.25 4.75 0)
(0.05 4.8 0)
(-0.05 4.8 0)
(0.25 4.5 0)
(0.3 4.3 0)
(0.3 4.6 0)
(-0.15 4.8 0)
(0.3 4.7 0)
(0.3 4.1 0)
(0.3 4.2 0)
(0.3 4.4 0)
(0.3 3.95 0)
(-0.3 3.2 0)
(-0.3 3.15 0)
(0.3 3.7 0)
(-0.3 3.35 0)
(0.25 3.25 0)
(-0.3 3.25 0)
(0.3 3.45 0)
(0.3 3.35 0)
(0.3 3 0)
(0.3 3.1 0)
(0.3 2.9 0)
(-0.3 2.85 0)
(0.25 2.8 0)
(-0.3 2.75 0)
(0.25 2.45 0)
(0.3 2.65 0)
(-0.3 2.55 0)
(-0.25 2.30001 0)
(-0.250002 2.15002 0)
(-0.3 2.4 0)
(0.25 2.30001 0)
(0.3 2.20001 0)
(0.3 2.05004 0)
(0.249975 1.85014 0)
(-0.300012 2.00005 0)
(0.299996 1.95006 0)
(0.249802 1.65033 0)
(0.249924 1.75023 0)
(-0.30007 1.85011 0)
(0.24924 1.45026 0)
(0.249574 1.5504 0)
(-0.300513 1.65033 0)
(-0.301703 1.50069 0)
(-0.304518 1.35144 0)
(0.299683 1.34993 0)
(0.220546 0.836441 0)
(-0.307686 1.25241 0)
(0.264087 1.00367 0)
(-0.207086 0.842427 0)
(0.301879 1.1991 0)
(-0.0340717 0.278505 0)
(-0.0385854 0.300056 0)
(-0.18546 0.756647 0)
(0.156636 0.641953 0)
(-0.0706469 0.454835 0)
(0.0459084 0.320461 0)
(-0.311836 1.15422 0)
(-0.0136749 0.166934 0)
(-0.130406 0.572304 0)
(-0.0574274 0.366743 0)
(-0.0885993 0.400452 0)
(-0.0182361 0.114509 0)
(-0.111932 0.507105 0)
(0.0550965 0.273764 0)
(0.0206204 0.149487 0)
(0.0270665 0.177423 0)
(0.076433 0.356235 0)
(0.101985 0.456215 0)
(0.0160764 0.125405 0)
(0.0465223 0.240654 0)
(-0.0335689 0.190242 0)
(-0.0157477 0.13656 0)
(0.00185703 0.0660874 0)
(-0.271558 1.06046 0)
(-0.000390565 0.0967634 0)
(0.006558 0.0726632 0)
(-0.000934306 0.0899816 0)
(-0.25 4.15 0)
(-0.261816 1.20346 0)
(0.249997 2.00006 0)
(0.2 3.2 0)
(0.25 3.4 0)
(0.25 4.05 0)
(-0.25 2.45 0)
(0.25 2.95 0)
(0.25 4.2 0)
(0.198406 1.39992 0)
(0.199357 1.55044 0)
(-0.2 2.25001 0)
(0.2 2.40001 0)
(-0.25 3.3 0)
(-0.2 3.5 0)
(0.2 4.45 0)
(0.199889 1.75026 0)
(0.2 2.75 0)
(-0.200008 2.05005 0)
(-0.126277 0.692849 0)
(-0.153645 0.811243 0)
(-0.0869768 0.54928 0)
(-1.48504e-11 4.75 0)
(-0.0414276 0.432034 0)
(0.0683105 0.439593 0)
(0.0315775 0.248899 0)
(-0.0281876 0.239378 0)
(-0.0295246 0.355568 0)
(-0.0111097 0.260754 0)
(0.0225678 0.306065 0)
(-0.0197682 0.194638 0)
(-0.221373 1.10577 0)
(0.25 4.6 0)
(-0.25 4.4 0)
(-0.25 4.65 0)
(-0.1 4.75 0)
(-0.25 4.55 0)
(0.25 4.3 0)
(0.25 4.4 0)
(0.25 3.7 0)
(0.25 3.8 0)
(-0.25 3.2 0)
(-0.25 2.75 0)
(0.25 2.10003 0)
(-0.250014 2.00006 0)
(-0.250083 1.85014 0)
(-0.252038 1.5008 0)
(0.249013 1.34963 0)
(-0.170384 0.902811 0)
(0.0151518 0.197213 0)
(0.250917 1.19739 0)
(0.121851 0.654325 0)
(0.142575 0.729214 0)
(0.0824103 0.49361 0)
(0.00715514 0.138531 0)
(0.0337979 0.27756 0)
(-0.0651458 0.408097 0)
(0.0549538 0.363568 0)
(0.0102896 0.166435 0)
(-0.00403906 0.130919 0)
(0.00310848 0.117346 0)
(0.25 2.65 0)
(-0.25 3.6 0)
(-0.25 4.05 0)
(-0.25 4 0)
(-0.25 3.9 0)
(-0.25 3.8 0)
(-0.25 3.4 0)
(-0.3 4.3 0)
(-0.25 3.7 0)
(-0.25 4.45 0)
(-0.25 4.25 0)
(-0.25 4.7 0)
(0.2 4.75 0)
(0.1 4.75 0)
(0.25 3.9 0)
(0.25 4.55 0)
(-0.15 4.75 0)
(-0.2 4.75 0)
(0.25 4.65 0)
(0.25 4.7 0)
(0.3 4.15 0)
(0.25 3.95 0)
(0.25 3.3 0)
(-0.25 3.1 0)
(0.25 3.5 0)
(0.25 3.55 0)
(0.25 3.65 0)
(0.25 3 0)
(0.25 3.1 0)
(0.25 2.85 0)
(-0.25 3 0)
(-0.25 2.8 0)
(-0.25 2.9 0)
(-0.25 2.5 0)
(-0.25 2.6 0)
(0.25 2.7 0)
(-0.25 2.7 0)
(-0.25 2.35001 0)
(0.25 2.6 0)
(0.25 2.15002 0)
(0.25 2.25001 0)
(0.25 2.5 0)
(0.25 2.35001 0)
(-0.200004 2.10003 0)
(0.249986 1.9001 0)
(-0.250001 2.20002 0)
(-0.250941 1.6005 0)
(-0.250387 1.70031 0)
(0.199933 1.8002 0)
(-0.250027 1.95008 0)
(-0.250145 1.80018 0)
(0.199554 1.60042 0)
(0.249871 1.70028 0)
(-0.136467 0.730674 0)
(0.249404 1.50036 0)
(-0.252907 1.45101 0)
(-0.257199 1.30204 0)
(-0.255448 1.3516 0)
(0.179678 0.851066 0)
(0.249149 1.29901 0)
(-0.0738474 0.483542 0)
(0.166499 0.809469 0)
(0.25969 0.962594 0)
(-0.013882 0.282617 0)
(-0.181655 1.00361 0)
(0.252999 1.14664 0)
(0.112524 0.618896 0)
(-0.0412942 0.219583 0)
(-0.00519816 0.145354 0)
(0.260741 1.0474 0)
(-0.0963865 0.583586 0)
(0.234774 0.878436 0)
(-0.151836 0.642371 0)
(-0.00232487 0.158907 0)
(0.0955924 0.552362 0)
(-0.00720717 0.120339 0)
(0.0246968 0.231906 0)
(0.0632651 0.412505 0)
(-0.0440975 0.322508 0)
(-0.0162864 0.180332 0)
(-0.062486 0.387269 0)
(-0.267822 1.10655 0)
(0.0506405 0.341511 0)
(0.19894 1.19506 0)
(0.2 2.55 0)
(0.2 2.95 0)
(0.2 3.65 0)
(0.2 3.85 0)
(-0.2 4.05 0)
(-0.208242 1.30201 0)
(-0.202309 1.50086 0)
(-0.200434 1.70035 0)
(-0.150008 2.05005 0)
(-0.2 2.65 0)
(-0.2 3.05 0)
(-0.2 3.75 0)
(-0.2 4.5 0)
(-0.2 2.45 0)
(0.149101 1.55048 0)
(0.199999 2.10004 0)
(0.149847 1.75028 0)
(0.138542 0.864586 0)
(-0.129429 0.960999 0)
(0.0784822 0.628847 0)
(0.104426 0.740563 0)
(-0.089145 0.705864 0)
(-0.0537183 0.559011 0)
(0.206846 1.03518 0)
(0.0616156 0.500548 0)
(0.0355776 0.392962 0)
(-0.200095 1.85016 0)
(0.00317127 0.219518 0)
(-0.0395521 0.416726 0)
(-0.2 3.95 0)
(0.15 4.7 0)
(-0.25 4.3 0)
(-0.1 4.7 0)
(-0.2 4.7 0)
(0.2 4.4 0)
(0.25 4.15 0)
(0.2 4.55 0)
(-0.2 2.75 0)
(-0.200001 2.20002 0)
(0.199812 1.70032 0)
(0.199076 1.50038 0)
(-0.0107149 0.240409 0)
(-0.11579 0.65548 0)
(0.220572 0.974213 0)
(-0.217174 1.15436 0)
(-0.0264064 0.222788 0)
(0.0202179 0.29006 0)
(0.0310453 0.347664 0)
(-0.0224562 0.330052 0)
(-0.0385545 0.378986 0)
(-0.00223013 0.182262 0)
(-0.25 3.65 0)
(-0.25 3.85 0)
(-0.2 3.45 0)
(-0.25 4.35 0)
(-0.2 3.6 0)
(-0.2 3.55 0)
(-0.25 4.1 0)
(0.2 4.65 0)
(-0.2 4.45 0)
(-0.25 4.2 0)
(-0.25 4.6 0)
(-0.05 4.75 0)
(0.05 4.75 0)
(0.2 4.7 0)
(0.2 4.5 0)
(0.25 4.25 0)
(0.25 4.35 0)
(0.25 4 0)
(0.25 4.1 0)
(0.2 3.9 0)
(0.25 3.75 0)
(-0.25 3.15 0)
(-0.25 3.35 0)
(0.2 3.25 0)
(0.2 3.55 0)
(-0.25 3.25 0)
(0.25 3.45 0)
(0.25 3.35 0)
(0.2 3.1 0)
(0.2 3.15 0)
(-0.2 2.95 0)
(0.2 2.8 0)
(0.25 3.05 0)
(-0.25 2.85 0)
(0.25 2.9 0)
(0.2 2.45 0)
(0.2 2.7 0)
(0.2 2.6 0)
(-0.25 2.55 0)
(-0.2 2.30001 0)
(-0.25 2.4 0)
(0.2 2.30001 0)
(0.2 2.35001 0)
(-0.200055 1.90012 0)
(-0.200016 2.00007 0)
(0.25 2.20002 0)
(-0.200002 2.15003 0)
(-0.200272 1.75027 0)
(0.199961 1.85016 0)
(0.249999 2.05004 0)
(0.249993 1.95008 0)
(-0.201593 1.5507 0)
(-0.206206 1.35161 0)
(-0.204576 1.4013 0)
(-0.250621 1.6504 0)
(0.199701 1.65037 0)
(0.197957 1.24686 0)
(0.198048 1.34931 0)
(0.198747 1.45022 0)
(0.114365 0.780849 0)
(-0.259345 1.25263 0)
(-0.161801 0.855731 0)
(0.193356 0.892871 0)
(-0.0423421 0.456761 0)
(-0.264652 1.15463 0)
(0.204383 1.09226 0)
(-0.14552 0.769692 0)
(0.131904 0.691011 0)
(-0.178901 1.05479 0)
(0.0648073 0.56141 0)
(0.231734 1.00298 0)
(0.0750999 0.466976 0)
(-0.078832 0.515571 0)
(-0.105824 0.618923 0)
(0.0378199 0.419205 0)
(0.00734645 0.237898 0)
(0.00600029 0.151987 0)
(0.0386585 0.260259 0)
(0.0124613 0.181004 0)
(-0.0467919 0.393502 0)
(-0.00199005 0.168167 0)
(-0.000907044 0.138475 0)
(0.0264313 0.327061 0)
(-0.0176702 0.305564 0)
(-0.0237342 0.208419 0)
(0.00569496 0.127912 0)
(-0.2 4.25 0)
(0.15 3.2 0)
(0.2 4.15 0)
(0.145258 1.19208 0)
(0.146862 1.34912 0)
(-0.150001 2.20002 0)
(0.15 2.40001 0)
(0.15 2.55 0)
(0.15 2.7 0)
(-0.2 3.3 0)
(-0.15 3.6 0)
(0.15 3.85 0)
(0.15 4.4 0)
(0.154207 1.04539 0)
(-0.15901 1.30172 0)
(-0.152494 1.50087 0)
(-0.150471 1.70038 0)
(-0.15 4.5 0)
(-0.150103 1.85017 0)
(-0.110211 0.820268 0)
(-0.150017 2.00007 0)
(0.0657601 0.748905 0)
(-0.0145443 0.455238 0)
(-0.2 3.65 0)
(-0.15 3.5 0)
(0.05 4.7 0)
(-0.05 4.7 0)
(0.15 4.5 0)
(0.15 4.65 0)
(0.2 4.25 0)
(0.2 4.35 0)
(0.2 4 0)
(-0.2 3.2 0)
(-0.2 3.1 0)
(-0.2 3.4 0)
(0.2 3.35 0)
(0.2 3.05 0)
(0.2 2.9 0)
(-0.2 2.40001 0)
(0.199989 1.95009 0)
(0.199998 2.05005 0)
(-0.200699 1.65044 0)
(-0.123022 0.913977 0)
(0.0953857 0.702008 0)
(-0.00779103 0.365469 0)
(0.151909 0.906844 0)
(0.0445481 0.481548 0)
(-0.0423913 0.485525 0)
(0.0112482 0.396635 0)
(0.00605503 0.28635 0)
(0.00343762 0.336836 0)
(0.2 3.75 0)
(-0.2 3.7 0)
(-0.2 4.15 0)
(-0.2 4.1 0)
(-0.2 3.9 0)
(-0.2 3.8 0)
(-0.2 4 0)
(-0.2 4.35 0)
(-0.2 4.4 0)
(-0.2 4.65 0)
(-0.2 4.55 0)
(0.1 4.7 0)
(0.2 4.05 0)
(-0.15 4.7 0)
(0.2 4.6 0)
(0.2 3.8 0)
(0.2 3.95 0)
(0.2 3.7 0)
(0.2 3.45 0)
(0.2 3.6 0)
(0.2 3.5 0)
(-0.2 3 0)
(0.2 3.3 0)
(-0.2 2.85 0)
(0.15 3.1 0)
(-0.2 2.9 0)
(0.15 2.75 0)
(0.2 3 0)
(-0.2 2.55 0)
(-0.2 2.8 0)
(-0.2 2.6 0)
(0.2 2.85 0)
(-0.2 2.7 0)
(0.2 2.65 0)
(-0.2 2.5 0)
(0.2 2.20002 0)
(0.2 2.5 0)
(-0.150004 2.10004 0)
(-0.15 2.25002 0)
(0.2 2.25001 0)
(-0.2 2.35001 0)
(0.15 2.30001 0)
(0.149906 1.80022 0)
(0.2 2.15003 0)
(0.149381 1.60046 0)
(0.149744 1.70035 0)
(-0.200031 1.95009 0)
(0.199978 1.90012 0)
(-0.200167 1.80021 0)
(0.147568 1.39983 0)
(0.148697 1.50041 0)
(-0.201078 1.60056 0)
(-0.156752 1.35143 0)
(-0.203311 1.45105 0)
(-0.00362623 0.201164 0)
(-0.0135039 0.211366 0)
(-0.0997007 0.742948 0)
(0.125886 0.822391 0)
(-0.0620963 0.593199 0)
(-0.078795 0.667478 0)
(0.197812 1.2983 0)
(-0.213708 1.20329 0)
(-0.210761 1.25253 0)
(0.0129541 0.261898 0)
(-0.131935 1.0076 0)
(0.0339312 0.368957 0)
(0.20127 1.14338 0)
(0.0715238 0.594051 0)
(-0.0173739 0.400537 0)
(0.0865689 0.66494 0)
(0.207126 0.934397 0)
(-0.173703 1.10444 0)
(0.0545347 0.527361 0)
(0.182257 0.989689 0)
(-0.0119237 0.222939 0)
(0.0408687 0.4474 0)
(-0.0392733 0.522856 0)
(0.15 2.9 0)
(-0.15 4.05 0)
(-0.100017 2.00008 0)
(-0.15 2.5 0)
(0.1 2.7 0)
(-0.15 2.95 0)
(0.15 3.45 0)
(0.15 4 0)
(0.15 3.6 0)
(-0.15 3.8 0)
(-0.087808 1.01042 0)
(-0.10942 1.30113 0)
(0.0973694 0.876961 0)
(0.09831 1.50047 0)
(0.14997 1.90013 0)
(0.0996746 1.70037 0)
(-0.100001 2.20002 0)
(0.149998 2.10004 0)
(-0.15 2.6 0)
(-0.15 2.7 0)
(0.0955849 1.34914 0)
(-0.0395729 0.678659 0)
(-0.05 4.65 0)
(0.0388961 0.600466 0)
(-0.0228702 0.566681 0)
(-0.15 4.55 0)
(-0.15 3.95 0)
(-0.15 4.4 0)
(0.15 4.6 0)
(0.15 4.35 0)
(0.15 3.7 0)
(0.15 3.8 0)
(0.15 3.3 0)
(-0.15 2.8 0)
(0.15 2.65 0)
(0.15 2.45 0)
(-0.15 2.35001 0)
(0.141548 1.00541 0)
(-0.150033 1.9501 0)
(-0.150179 1.80023 0)
(-0.154962 1.40121 0)
(0.146074 1.2978 0)
(0.0282723 0.510312 0)
(0.0504806 0.674788 0)
(0.0726673 0.791085 0)
(0.154177 1.08879 0)
(-0.169124 1.15345 0)
(-0.0151147 0.428896 0)
(0.0130211 0.452126 0)
(-0.15 3.65 0)
(-0.15 4.15 0)
(-0.15 3.55 0)
(-0.2 3.85 0)
(-0.2 4.2 0)
(-0.15 4.45 0)
(0.1 4.65 0)
(-0.15 3.45 0)
(-0.15 3.75 0)
(-0.2 4.3 0)
(-0.2 4.6 0)
(0.15 3.9 0)
(-1.57134e-11 4.7 0)
(0.15 4.45 0)
(-0.1 4.65 0)
(-0.15 4.65 0)
(0.2 4.2 0)
(0.15 3.5 0)
(0.2 4.3 0)
(0.15 4.55 0)
(0.2 4.1 0)
(-0.2 3.25 0)
(-0.2 3.15 0)
(-0.2 3.35 0)
(0.15 2.95 0)
(0.15 3.05 0)
(0.2 3.4 0)
(0.15 3.15 0)
(-0.15 3 0)
(-0.15 3.1 0)
(0.15 2.8 0)
(0.15 3.25 0)
(-0.15 2.85 0)
(-0.15 2.40001 0)
(0.15 2.6 0)
(0.15 2.35001 0)
(0.15 2.5 0)
(-0.15 2.30001 0)
(-0.100009 2.05006 0)
(0.15 2.20002 0)
(0.15 2.25002 0)
(-0.150002 2.15003 0)
(0.199994 2.00007 0)
(0.099796 1.7503 0)
(-0.151728 1.55072 0)
(-0.150753 1.65048 0)
(-0.150061 1.90013 0)
(0.149945 1.85017 0)
(0.0988203 1.55051 0)
(-0.150299 1.7503 0)
(0.149587 1.65041 0)
(0.148174 1.45021 0)
(0.166263 0.948701 0)
(-0.153578 1.45102 0)
(-0.0848035 0.969697 0)
(-0.00695421 0.508471 0)
(-0.161832 1.25208 0)
(0.0328643 0.54497 0)
(0.145395 1.24563 0)
(-0.0509115 0.7196 0)
(-0.115401 0.866254 0)
(-0.129865 1.05472 0)
(0.148101 1.13837 0)
(0.0594807 0.711019 0)
(0.013365 0.370444 0)
(-0.106736 0.779586 0)
(0.0164724 0.352398 0)
(-0.0699192 0.629467 0)
(0.0115339 0.424181 0)
(0.00325628 0.308306 0)
(-0.0131555 0.48246 0)
(0.1 3.2 0)
(0.15 4.15 0)
(0.110219 1.07805 0)
(0.0999287 1.85019 0)
(0.1 2.35001 0)
(0.1 2.45 0)
(0.1 2.55 0)
(0.1 2.9 0)
(0.1 3.05 0)
(-0.15 3.35 0)
(-0.15 3.25 0)
(0.1 3.45 0)
(-0.1 3.65 0)
(0.1 3.85 0)
(0.1 4.35 0)
(-0.1 4.5 0)
(-0.15 4.3 0)
(0.090136 1.19083 0)
(-0.082999 1.05284 0)
(-0.105126 1.401 0)
(0.0479387 1.50054 0)
(-0.100771 1.65049 0)
(-0.100186 1.80024 0)
(-0.0500177 2.00008 0)
(-0.1 2.30001 0)
(-0.1 3 0)
(-0.1 3.55 0)
(0.1 4.45 0)
(0.0999996 2.20002 0)
(-0.1 3.8 0)
(-0.1 2.8 0)
(-0.102587 1.50082 0)
(0.0496038 1.70039 0)
(-0.0584343 0.820181 0)
(-0.112459 1.25123 0)
(0.0271062 0.748282 0)
(-0.15 4.2 0)
(-0.15 3.85 0)
(-1.6092e-11 4.65 0)
(-0.15 3.15 0)
(0.15 3.4 0)
(0.1 2.65 0)
(-0.100005 2.10004 0)
(0.099475 1.65044 0)
(0.0975929 1.45027 0)
(0.0941678 1.29777 0)
(0.109586 0.920165 0)
(-0.0761413 0.925428 0)
(-0.0326035 0.637759 0)
(-0.0650393 0.757566 0)
(0.00802602 0.69006 0)
(-0.165192 1.20261 0)
(-0.15 3.7 0)
(-0.15 3.9 0)
(-0.05 4.6 0)
(-0.15 4 0)
(-0.1 4.6 0)
(-0.15 4.1 0)
(-0.1 3.5 0)
(-0.1 4.45 0)
(-0.15 4.35 0)
(0.1 4.5 0)
(0.1 4.6 0)
(0.15 4.2 0)
(0.15 4.3 0)
(0.15 4.05 0)
(0.05 4.65 0)
(-0.15 4.6 0)
(0.15 3.95 0)
(0.15 3.75 0)
(0.15 3.65 0)
(-0.15 3.05 0)
(0.1 3.1 0)
(0.15 3.55 0)
(-0.15 3.4 0)
(-0.15 2.9 0)
(0.15 3.35 0)
(0.1 3.25 0)
(0.1 2.75 0)
(0.15 3 0)
(-0.15 2.75 0)
(0.15 2.85 0)
(-0.15 2.55 0)
(-0.15 2.65 0)
(0.0999999 2.25002 0)
(-0.1 2.35001 0)
(-0.15 2.45 0)
(0.149992 2.00007 0)
(-0.1 2.25002 0)
(0.149996 2.05005 0)
(-0.100111 1.85019 0)
(-0.100035 1.95011 0)
(0.149999 2.15003 0)
(-0.100002 2.15003 0)
(0.149983 1.9501 0)
(0.0998753 1.80024 0)
(-0.100497 1.7004 0)
(0.0991944 1.60049 0)
(-0.15117 1.60059 0)
(0.0966899 1.39986 0)
(-0.107027 1.35105 0)
(0.0133662 0.479468 0)
(-0.0572748 1.01054 0)
(0.123961 0.963934 0)
(0.00831595 0.53593 0)
(0.0843812 0.834424 0)
(0.122279 1.04921 0)
(-0.125289 1.1029 0)
(0.035491 0.567837 0)
(0.0432248 0.636896 0)
(-0.0279591 0.60007 0)
(0.0121022 0.499643 0)
(-0.1 4 0)
(-0.1 4.2 0)
(0.05 2.65 0)
(-0.1 2.5 0)
(0.05 3.2 0)
(0.1 3.7 0)
(0.1 3.95 0)
(0.1 4.15 0)
(-0.1 4.35 0)
(0.1 3.55 0)
(-0.1 3.4 0)
(-0.0765005 1.10013 0)
(0.074202 0.982976 0)
(-0.0625283 1.24993 0)
(-0.0569318 1.35053 0)
(0.0498488 1.80025 0)
(0.0999778 1.95011 0)
(-0.0500047 2.10004 0)
(0.0999942 2.05006 0)
(-0.050001 2.20002 0)
(-0.0500002 2.30001 0)
(-0.1 2.6 0)
(-0.05 4.5 0)
(-0.05 3.55 0)
(0.1 4.3 0)
(-0.1 3.15 0)
(0.05 3.05 0)
(0.0576192 0.88728 0)
(0.0424603 1.29832 0)
(-0.0507615 1.6505 0)
(-0.0501853 1.80025 0)
(-0.0500343 1.95011 0)
(-0.1 3.7 0)
(0.0499993 2.20002 0)
(0.05 4.45 0)
(0.05 4.6 0)
(0.1 3.8 0)
(0.1 3 0)
(0.1 2.8 0)
(-0.1 2.40001 0)
(0.0999988 2.15003 0)
(-0.101202 1.6006 0)
(0.0207441 0.801463 0)
(-0.116146 1.20144 0)
(0.0674786 1.05248 0)
(-0.0116981 0.735609 0)
(-0.1 3.75 0)
(-0.1 4.1 0)
(-0.15 4.25 0)
(-0.1 3.85 0)
(-0.1 3.6 0)
(-0.05 4.55 0)
(-0.1 4.4 0)
(-1.56459e-11 4.6 0)
(-0.1 3.95 0)
(0.1 4 0)
(-0.1 4.55 0)
(0.1 4.4 0)
(0.1 4.55 0)
(0.15 4.25 0)
(0.15 4.1 0)
(0.1 3.3 0)
(0.1 3.4 0)
(0.1 3.9 0)
(-0.15 3.3 0)
(0.1 3.6 0)
(-0.1 3.45 0)
(-0.15 3.2 0)
(0.1 3.5 0)
(-0.1 2.85 0)
(-0.1 2.95 0)
(0.1 3.15 0)
(-0.1 3.1 0)
(-0.1 3.05 0)
(-0.1 2.65 0)
(-0.1 2.75 0)
(0.05 2.7 0)
(0.1 2.95 0)
(0.1 2.5 0)
(0.1 2.85 0)
(0.1 2.6 0)
(0.1 2.30001 0)
(0.1 2.40001 0)
(-0.0500096 2.05006 0)
(0.0485627 1.55056 0)
(0.0493666 1.65046 0)
(0.0999583 1.90014 0)
(-0.100065 1.90014 0)
(0.0497473 1.75032 0)
(-0.100315 1.75032 0)
(0.0444086 1.34941 0)
(0.0470549 1.45038 0)
(-0.103697 1.45091 0)
(-0.101797 1.55071 0)
(-0.0465647 0.983125 0)
(0.0860735 1.12688 0)
(0.0924101 1.24534 0)
(-0.067579 0.876835 0)
(-0.0326747 1.04156 0)
(0.00577332 0.6027 0)
(0.00657023 0.56964 0)
(-0.120451 1.15191 0)
(0.00585865 0.640793 0)
(0.104362 1.02375 0)
(0.0326056 0.71763 0)
(-0.0776894 0.784 0)
(0.05 2.45 0)
(0.05 2.8 0)
(0.05 2.9 0)
(-0.1 3.3 0)
(0.05 3.4 0)
(-0.05 3.75 0)
(0.05 3.9 0)
(0.05 4.3 0)
(-0.0271419 1.09681 0)
(-0.00336063 1.45056 0)
(0.0499488 1.90015 0)
(-8.91317e-06 2.05006 0)
(-0.05 3 0)
(-0.05 3.15 0)
(-0.05 2.8 0)
(-0.05 3.45 0)
(0.05 3.5 0)
(-0.05 4 0)
(-0.1 4.25 0)
(-0.05 4.4 0)
(0.0499999 2.30001 0)
(0.05 4.4 0)
(-0.05 2.6 0)
(1.71833e-09 2.65 0)
(0.05 4.55 0)
(0.1 4.25 0)
(0.1 4.1 0)
(-0.1 3.2 0)
(0.05 3.15 0)
(0.05 3 0)
(0.0499983 2.15003 0)
(-0.0500637 1.90015 0)
(-0.0504932 1.70041 0)
(0.056345 1.09096 0)
(-0.0664962 1.19965 0)
(-0.02837 0.777289 0)
(-0.00877045 1.29923 0)
(-0.0550654 1.40068 0)
(-0.0536383 1.45073 0)
(-0.000720509 1.65048 0)
(-0.000466723 1.7004 0)
(-0.000292706 1.75032 0)
(-0.05 3.85 0)
(0.05 3.8 0)
(-0.05 3.65 0)
(-0.1 4.3 0)
(-0.1 3.9 0)
(-0.05 3.6 0)
(-0.1 4.05 0)
(-0.1 4.15 0)
(-0.05 4.45 0)
(-1.47772e-11 4.55 0)
(0.05 3.95 0)
(0.05 4.5 0)
(0.1 4.2 0)
(0.1 3.75 0)
(0.1 4.05 0)
(-0.1 3.35 0)
(0.05 3.25 0)
(0.1 3.65 0)
(0.05 3.55 0)
(-0.05 3.5 0)
(-0.05 3.1 0)
(0.1 3.35 0)
(-0.1 2.9 0)
(0.05 3.1 0)
(0.05 2.5 0)
(0.05 2.6 0)
(-0.0500001 2.35001 0)
(-0.1 2.7 0)
(0.05 2.75 0)
(-0.1 2.55 0)
(-0.0500024 2.15003 0)
(-0.1 2.45 0)
(0.0499997 2.25002 0)
(0.05 2.35001 0)
(-0.0500005 2.25002 0)
(0.0999878 2.00008 0)
(-3.31373e-05 1.95011 0)
(0.099997 2.10004 0)
(-0.0525633 1.50072 0)
(-0.0511872 1.60058 0)
(-0.00238915 1.50061 0)
(0.0499083 1.8502 0)
(-0.0501127 1.8502 0)
(-0.0503171 1.75032 0)
(0.0490199 1.60052 0)
(-0.01285 0.999919 0)
(0.0458867 1.40003 0)
(-0.0593996 1.30022 0)
(-0.0244431 0.941683 0)
(-0.00947799 0.844786 0)
(0.0359039 1.19342 0)
(0.0397933 1.24637 0)
(-0.0712015 1.14968 0)
(0.0451467 0.847915 0)
(0.0663716 0.929955 0)
(0.0532238 1.01599 0)
(-0.0179969 0.543161 0)
(-0.05 4.15 0)
(-0.05 2.45 0)
(-0.05 2.95 0)
(-0.05 3.35 0)
(0.05 3.7 0)
(-0.05 4.05 0)
(-0.05 3.95 0)
(0.05 4 0)
(0.05 4.1 0)
(-0.05 4.35 0)
(-0.05 3.2 0)
(0.05 3.35 0)
(-0.05 2.85 0)
(-0.05 2.55 0)
(-0.05 2.75 0)
(0.0235621 0.934274 0)
(-0.0160612 1.19707 0)
(0.0194358 0.892238 0)
(-0.00648122 1.34989 0)
(-0.00165384 1.55061 0)
(-0.000181147 1.80026 0)
(0.0499846 2.00008 0)
(-0.000108105 1.8502 0)
(-9.92693e-07 2.20002 0)
(-4.40999e-07 2.25002 0)
(-1.77226e-07 2.30001 0)
(-4.616e-06 2.10005 0)
(0.0499918 2.05006 0)
(9.63767e-10 2.7 0)
(5.12528e-10 2.75 0)
(3.09102e-12 3.05 0)
(9.21119e-13 3.1 0)
(4.0309e-15 3.15 0)
(-8.92345e-13 3.65 0)
(-0.05 3.8 0)
(-8.89836e-13 3.55 0)
(0.05 3.6 0)
(-0.05 3.9 0)
(-0.05 3.7 0)
(-0.05 4.3 0)
(-1.13967e-12 3.9 0)
(-1.21408e-11 4.45 0)
(3.61476e-09 2.45 0)
(-0.05 4.25 0)
(0.05 4.2 0)
(-1.35256e-11 4.5 0)
(3.02214e-09 2.6 0)
(-0.05 2.65 0)
(-8.76976e-13 3.5 0)
(-4.07244e-13 3.2 0)
(0.05 4.25 0)
(-0.05 3.4 0)
(0.05 4.35 0)
(0.05 3.75 0)
(-0.05 3.05 0)
(0.05 3.85 0)
(-0.1 3.25 0)
(0.05 3.45 0)
(0.05 3.3 0)
(0.05 2.85 0)
(0.05 2.95 0)
(0.05 2.40001 0)
(0.05 2.55 0)
(-0.05 2.40001 0)
(0.0499958 2.10005 0)
(-6.27101e-05 1.90015 0)
(0.0499698 1.95011 0)
(-1.85898e-05 2.00009 0)
(-0.00112229 1.60055 0)
(-0.0118755 1.24812 0)
(-0.0517898 1.55066 0)
(-0.00473891 1.4003 0)
(-0.0214337 0.887762 0)
(0.0189383 1.05036 0)
(0.0288721 1.14161 0)
(-0.0214269 1.14656 0)
(0.0265503 0.974484 0)
(-0.00241143 0.973544 0)
(-0.05 3.3 0)
(5.28295e-09 2.5 0)
(2.58378e-10 2.8 0)
(5.25138e-11 2.9 0)
(2.35561e-11 2.95 0)
(-5.95432e-13 3.25 0)
(-6.9863e-13 3.3 0)
(-7.67986e-13 3.35 0)
(-8.17713e-13 3.4 0)
(-9.04707e-13 3.75 0)
(-0.05 4.1 0)
(-1.01411e-12 3.85 0)
(-0.05 4.2 0)
(-1.6694e-12 4 0)
(-4.61452e-12 4.2 0)
(-7.28757e-12 4.3 0)
(-1.04936e-11 4.4 0)
(-6.14064e-08 2.35001 0)
(-8.91487e-13 3.7 0)
(-8.89167e-13 3.6 0)
(0.05 4.15 0)
(0.05 4.05 0)
(-0.05 3.25 0)
(0.05 3.65 0)
(9.97809e-12 3 0)
(-1.35764e-12 3.95 0)
(-0.05 2.9 0)
(-8.50878e-13 3.45 0)
(-0.05 2.7 0)
(4.49436e-09 2.55 0)
(-0.05 2.5 0)
(-1.63554e-08 2.40001 0)
(-2.34957e-06 2.15003 0)
(0.0211108 1.094 0)
(0.0231667 1.01111 0)
(0.0185322 0.860802 0)
(-2.76685e-12 4.1 0)
(-8.84074e-12 4.35 0)
(-3.59764e-12 4.15 0)
(-2.14674e-12 4.05 0)
(-9.41237e-13 3.8 0)
(-5.85824e-12 4.25 0)
(1.25731e-10 2.85 0)
(-0.452551 1.20086 0.005)
(-0.450619 1.45025 0.005)
(-0.45008 1.70007 0.005)
(-0.450005 1.95002 0.005)
(-0.45 2.2 0.005)
(-0.45 2.45 0.005)
(-0.45 2.7 0.005)
(-0.45 2.95 0.005)
(-0.45 4.1 0.005)
(-0.45 4.35 0.005)
(-0.45 3.55 0.005)
(-0.45 3.9 0.005)
(-0.45 3.35 0.005)
(0.451885 1.10256 0.005)
(0.450148 1.35015 0.005)
(0.449988 1.6001 0.005)
(0.449999 1.85003 0.005)
(0.45 2.10001 0.005)
(0.45 2.35 0.005)
(0.45 2.6 0.005)
(0.45 2.85 0.005)
(0.45 3.15 0.005)
(0.45 3.45 0.005)
(0.45 3.75 0.005)
(0.45 4 0.005)
(0.45 4.25 0.005)
(0.45 4.45 0.005)
(-0.377762 0.876701 0.005)
(0.306014 0.702648 0.005)
(-0.25626 0.594276 0.005)
(0.215614 0.500126 0.005)
(-0.17926 0.417333 0.005)
(0.140011 0.326321 0.005)
(-0.114712 0.267864 0.005)
(-0.05 4.95 0.005)
(0.0864091 0.202627 0.005)
(-0.0742756 0.173634 0.005)
(0.0577509 0.136164 0.005)
(-0.0486084 0.113931 0.005)
(0.0398597 0.093681 0.005)
(-0.45 4.7 0.005)
(-0.0285454 0.0679698 0.005)
(0.0190995 0.0447613 0.005)
(0.15 4.95 0.005)
(0.45 4.6 0.005)
(0.45 4.75 0.005)
(-0.25 4.95 0.005)
(-0.0127546 0.0313303 0.005)
(-0.0217876 0.052543 0.005)
(-0.45 4.85 0.005)
(0.3 4.95 0.005)
(0.402097 0.920196 0.005)
(0.00719293 0.0193818 0.005)
(-0.321428 0.743458 0.005)
(-0.149248 0.347275 0.005)
(-0.45 3.75 0.005)
(-0.45 3.2 0.005)
(0.45 4.85 0.005)
(-0.45 4.55 0.005)
(-0.00237818 0.0093243 0.005)
(0.272815 0.6288 0.005)
(-0.0864526 0.201857 0.005)
(-0.202086 0.470588 0.005)
(0.191154 0.444438 0.005)
(0.0323876 0.0754139 0.005)
(-0.0360738 0.0850191 0.005)
(0.45093 1.20056 0.005)
(0.0682287 0.160878 0.005)
(0.158897 0.370232 0.005)
(0.450013 1.45013 0.005)
(0.45 2.2 0.005)
(0.45 2.7 0.005)
(0.45 2.95 0.005)
(0.45 3.25 0.005)
(0.45 3.55 0.005)
(0.45 3.85 0.005)
(0.45 4.1 0.005)
(-0.45 4.25 0.005)
(-0.4 4.95 0.005)
(0.4 4.95 0.005)
(-0.45 3.1 0.005)
(-0.45 2.6 0.005)
(-0.45 2.35 0.005)
(-0.450195 1.60011 0.005)
(-0.451167 1.35041 0.005)
(-0.45433 1.10122 0.005)
(-0.459947 1.01469 0.005)
(0.44347 1.01247 0.005)
(0.000462718 0.00458516 0.005)
(0.361526 0.826607 0.005)
(0.0440171 0.103535 0.005)
(-0.057966 0.13607 0.005)
(-0.122775 0.286448 0.005)
(0.228829 0.530041 0.005)
(-0.287498 0.665303 0.005)
(0.131243 0.305913 0.005)
(0.114917 0.268002 0.005)
(0.0130816 0.031389 0.005)
(-0.0102593 0.0247941 0.005)
(-0.35826 0.829874 0.005)
(-0.0186423 0.0452806 0.005)
(0.0257368 0.0594426 0.005)
(-0.0401163 0.0941721 0.005)
(0.0483763 0.113863 0.005)
(0.0739544 0.17417 0.005)
(0.0930954 0.217814 0.005)
(-0.0998248 0.233185 0.005)
(0.107323 0.250425 0.005)
(-0.131234 0.305855 0.005)
(0.179838 0.418527 0.005)
(-0.00806255 0.0190506 0.005)
(-0.227741 0.529519 0.005)
(0.242747 0.561424 0.005)
(0.323801 0.742112 0.005)
(-0.1588 0.369447 0.005)
(-0.0685702 0.16053 0.005)
(0.450556 1.2503 0.005)
(-0.450296 1.55015 0.005)
(0.44999 1.65008 0.005)
(0.449993 1.70006 0.005)
(0.449996 1.75005 0.005)
(-0.450029 1.80004 0.005)
(-0.450009 1.90002 0.005)
(0.45 1.90002 0.005)
(0.45 1.95002 0.005)
(-0.450001 2.05001 0.005)
(-0.45 2.15 0.005)
(-0.45 2.3 0.005)
(0.45 2.4 0.005)
(0.45 2.45 0.005)
(-0.45 2.55 0.005)
(0.45 2.75 0.005)
(-0.45 2.8 0.005)
(0.45 3 0.005)
(0.45 3.05 0.005)
(0.45 3.3 0.005)
(0.45 3.35 0.005)
(0.45 3.6 0.005)
(0.45 3.65 0.005)
(-0.45 3.5 0.005)
(-0.45 3.45 0.005)
(-0.45 3.7 0.005)
(-0.45 3.65 0.005)
(0.45 3.9 0.005)
(-0.45 3.85 0.005)
(-0.45 4.05 0.005)
(-0.45 4 0.005)
(-0.45 4.2 0.005)
(0.45 4.3 0.005)
(0.45 4.5 0.005)
(-0.45 4.5 0.005)
(-0.45 4.65 0.005)
(-0.15 4.95 0.005)
(0.05 4.95 0.005)
(-0.35 4.95 0.005)
(0.45 4.9 0.005)
(-0.45 4.95 0.005)
(0.45 4.95 0.005)
(0.2 4.95 0.005)
(-0.45 4.8 0.005)
(0.45 4.65 0.005)
(-0.45 4.45 0.005)
(0.45 4.35 0.005)
(0.45 4.15 0.005)
(-0.45 3.3 0.005)
(-0.45 3.05 0.005)
(-0.45 2.9 0.005)
(0.45 2.5 0.005)
(0.45 2.25 0.005)
(0.45 2.00001 0.005)
(0.449992 1.50012 0.005)
(-0.451547 1.30054 0.005)
(-0.420919 0.989363 0.005)
(-0.00293804 0.00317492 0.005)
(0.00329709 0.00297105 0.005)
(0.00376686 0.00749252 0.005)
(-0.403073 1.30105 0.005)
(-0.400591 1.55029 0.005)
(0.399997 1.85006 0.005)
(-0.400001 2.15001 0.005)
(0.4 2.4 0.005)
(0.4 3 0.005)
(0.4 3.25 0.005)
(-0.4 3.5 0.005)
(-0.4 4.05 0.005)
(0.4 4.3 0.005)
(-0.4 3.75 0.005)
(0.4 2.7 0.005)
(0.401692 1.20073 0.005)
(0.399978 1.45024 0.005)
(-0.4 2.55 0.005)
(0.4 3.6 0.005)
(-0.4 2.9 0.005)
(-0.4 4.5 0.005)
(0.4 3.85 0.005)
(-0.400019 1.90004 0.005)
(-0.31229 0.852476 0.005)
(0.268921 0.721901 0.005)
(0.186517 0.51577 0.005)
(-0.127376 0.358667 0.005)
(0.111393 0.316478 0.005)
(-0.0964868 0.277256 0.005)
(0.0714606 0.210517 0.005)
(-0.0557169 0.166515 0.005)
(0.0339415 0.107785 0.005)
(0.4 4.6 0.005)
(0.2 4.9 0.005)
(-0.0272626 0.0893826 0.005)
(-0.4 4.7 0.005)
(-0.4 3.35 0.005)
(-0.4 3.05 0.005)
(-0.4 2.3 0.005)
(0.399961 1.60018 0.005)
(-0.0118505 0.0493341 0.005)
(-0.00365858 0.0269185 0.005)
(-0.4 4.85 0.005)
(0.4 1.95003 0.005)
(0.399981 1.70013 0.005)
(-0.410541 1.05146 0.005)
(0.0034771 0.0127781 0.005)
(-0.39787 0.927335 0.005)
(0.381359 0.872062 0.005)
(0.342329 0.783372 0.005)
(0.289021 0.664874 0.005)
(-0.190335 0.443255 0.005)
(-0.0802325 0.187381 0.005)
(-0.0250798 0.0600761 0.005)
(-0.339456 0.78555 0.005)
(-0.304111 0.703417 0.005)
(-0.271539 0.628955 0.005)
(0.424575 0.968153 0.005)
(-0.241645 0.561145 0.005)
(0.203073 0.471602 0.005)
(0.149217 0.347743 0.005)
(0.122884 0.286482 0.005)
(-0.107062 0.250097 0.005)
(0.0800186 0.188082 0.005)
(0.0628335 0.148206 0.005)
(-0.0631237 0.148014 0.005)
(0.0529429 0.124721 0.005)
(-0.0531362 0.12469 0.005)
(0.035958 0.0842778 0.005)
(-0.0322092 0.0762772 0.005)
(0.0290569 0.0671685 0.005)
(0.0160191 0.0378639 0.005)
(0.010201 0.0252868 0.005)
(0.4 2.45 0.005)
(0.4 3.3 0.005)
(-0.4 3.7 0.005)
(-0.35 4.9 0.005)
(-0.4 4.9 0.005)
(0.45 3.95 0.005)
(-0.1 4.95 0.005)
(0.45 3.8 0.005)
(-0.2 4.95 0.005)
(-0.3 4.95 0.005)
(0.45 3.1 0.005)
(-0.45 2.85 0.005)
(-3.05589e-12 4.95 0.005)
(-0.45 2.75 0.005)
(0.45 3.7 0.005)
(0.45 3.5 0.005)
(0.45 3.4 0.005)
(0.45 3.2 0.005)
(-0.45 2.65 0.005)
(0.35 4.95 0.005)
(0.25 4.95 0.005)
(0.45 4.4 0.005)
(0.45 4.55 0.005)
(-0.45 4.15 0.005)
(-0.45 4.3 0.005)
(-0.45 4.4 0.005)
(0.45 4.7 0.005)
(0.45 4.8 0.005)
(0.45 4.2 0.005)
(-0.45 4.6 0.005)
(0.1 4.95 0.005)
(-0.45 3 0.005)
(-0.45 3.95 0.005)
(0.45 2.8 0.005)
(0.45 4.05 0.005)
(-0.45 3.8 0.005)
(-0.45 3.4 0.005)
(-0.45 3.6 0.005)
(-0.45 4.75 0.005)
(0.45 2.65 0.005)
(-0.45 2.5 0.005)
(0.45 2.9 0.005)
(0.45 2.55 0.005)
(-0.45 3.25 0.005)
(-0.45 3.15 0.005)
(-0.45 2.4 0.005)
(0.45 2.3 0.005)
(-0.45 4.9 0.005)
(-0.45 2.25 0.005)
(0.4 4.85 0.005)
(0.4 4.9 0.005)
(0.45 2.15 0.005)
(-0.450001 2.10001 0.005)
(0.45 2.05001 0.005)
(-0.450003 2.00001 0.005)
(-0.450017 1.85003 0.005)
(0.449998 1.80004 0.005)
(-0.45005 1.75005 0.005)
(-0.450128 1.65009 0.005)
(0.449985 1.55011 0.005)
(-0.450439 1.50019 0.005)
(-0.450865 1.40032 0.005)
(0.450056 1.40014 0.005)
(-0.452008 1.25069 0.005)
(0.450303 1.30019 0.005)
(-0.453253 1.15103 0.005)
(0.451419 1.15115 0.005)
(-0.10376 0.296515 0.005)
(0.198467 0.546341 0.005)
(0.257401 0.594321 0.005)
(-0.214543 0.499331 0.005)
(0.169094 0.393808 0.005)
(-0.168775 0.392756 0.005)
(-0.00541846 0.014024 0.005)
(-0.140062 0.326106 0.005)
(0.100062 0.233717 0.005)
(-0.0929691 0.217105 0.005)
(-0.044295 0.103777 0.005)
(0.022367 0.0519953 0.005)
(-0.0156304 0.0382211 0.005)
(0.451312 1.05605 0.005)
(-0.456531 1.0522 0.005)
(-0.4 4.3 0.005)
(0.4 4.05 0.005)
(0.4 2.15001 0.005)
(0.35 3.25 0.005)
(-0.35 3.75 0.005)
(0.35 2.4 0.005)
(0.336234 0.891138 0.005)
(-0.250322 0.684485 0.005)
(-0.162737 0.456329 0.005)
(-0.0778028 0.285764 0.005)
(-7.07863e-12 4.9 0.005)
(0.156829 0.529803 0.005)
(0.0457448 0.141438 0.005)
(0.0218041 0.0703524 0.005)
(-0.0381908 0.118419 0.005)
(-0.0174805 0.0642047 0.005)
(-0.15 4.9 0.005)
(-0.35 4.85 0.005)
(-0.4 2.7 0.005)
(-0.400162 1.70013 0.005)
(0.15439 0.432315 0.005)
(-0.0715615 0.20882 0.005)
(-0.196161 0.545337 0.005)
(0.00994394 0.0409809 0.005)
(-0.4 3.95 0.005)
(0.4 3.4 0.005)
(-0.4 4.75 0.005)
(-0.4 4.2 0.005)
(-0.4 4.1 0.005)
(0.4 3.7 0.005)
(0.4 4.15 0.005)
(0.4 4.4 0.005)
(0.4 4.7 0.005)
(0.4 4.8 0.005)
(0.4 4.25 0.005)
(-0.4 3.25 0.005)
(-0.4 3.4 0.005)
(0.4 3.8 0.005)
(0.4 2.8 0.005)
(-0.4 3 0.005)
(0.4 3.1 0.005)
(0.4 3.2 0.005)
(0.4 2.55 0.005)
(-0.4 2.4 0.005)
(0.4 2.65 0.005)
(-0.4 2.5 0.005)
(-0.400005 2.00002 0.005)
(-0.4 2.25 0.005)
(0.4 2.25 0.005)
(0.4 2.35 0.005)
(-0.400001 2.10001 0.005)
(0.399994 1.80008 0.005)
(-0.401718 1.40063 0.005)
(0.39995 1.55021 0.005)
(-0.400871 1.50038 0.005)
(0.400484 1.30025 0.005)
(0.400045 1.40023 0.005)
(0.175225 0.486609 0.005)
(0.127228 0.359548 0.005)
(-0.119295 0.33719 0.005)
(0.224449 0.611968 0.005)
(0.253364 0.683688 0.005)
(-0.0237719 0.0804989 0.005)
(-0.00915036 0.0419968 0.005)
(-0.407825 1.10232 0.005)
(-0.0832458 0.24119 0.005)
(0.301966 0.80296 0.005)
(-0.00441754 0.0210925 0.005)
(-0.329091 0.900171 0.005)
(0.285171 0.761613 0.005)
(-0.0608284 0.179913 0.005)
(-0.280313 0.764141 0.005)
(0.0268171 0.0878018 0.005)
(0.0969513 0.277449 0.005)
(0.103999 0.296468 0.005)
(-0.089643 0.258772 0.005)
(0.408803 1.02381 0.005)
(-0.357803 1.00213 0.005)
(0.0302946 0.0976295 0.005)
(-0.0146115 0.0566835 0.005)
(-0.222131 0.611914 0.005)
(-0.406254 1.1521 0.005)
(-0.403974 1.25135 0.005)
(-0.400397 1.60023 0.005)
(-0.4001 1.7501 0.005)
(-0.400034 1.85006 0.005)
(0.4 2.00002 0.005)
(0.4 2.05002 0.005)
(-0.4 2.6 0.005)
(-0.4 2.75 0.005)
(-0.4 2.85 0.005)
(0.4 2.85 0.005)
(0.4 2.95 0.005)
(0.4 3.45 0.005)
(0.4 3.55 0.005)
(-0.4 3.65 0.005)
(-0.4 3.55 0.005)
(0.4 3.9 0.005)
(0.4 3.95 0.005)
(-0.4 4 0.005)
(-0.25 4.9 0.005)
(0.35 4.9 0.005)
(0.25 4.9 0.005)
(-0.4 4.45 0.005)
(-0.4 4.4 0.005)
(-0.4 4.8 0.005)
(-0.4 4.65 0.005)
(-0.4 4.55 0.005)
(-0.05 4.9 0.005)
(0.15 4.9 0.005)
(0.1 4.9 0.005)
(-0.3 4.9 0.005)
(0.4 4.65 0.005)
(0.4 4.5 0.005)
(0.4 4.55 0.005)
(0.4 4.35 0.005)
(-0.4 3.1 0.005)
(-0.4 3.85 0.005)
(-0.4 3.8 0.005)
(-0.4 3.45 0.005)
(-0.4 3.15 0.005)
(0.4 3.65 0.005)
(-0.4 3.3 0.005)
(0.4 3.35 0.005)
(0.4 3.05 0.005)
(-0.4 2.95 0.005)
(0.4 2.75 0.005)
(0.4 2.5 0.005)
(-0.4 2.35 0.005)
(-0.4 2.20001 0.005)
(-0.400011 1.95003 0.005)
(0.399999 1.90004 0.005)
(0.399988 1.7501 0.005)
(0.399971 1.65015 0.005)
(0.399949 1.50022 0.005)
(-0.402335 1.35081 0.005)
(0.400955 1.25036 0.005)
(-0.144174 0.404713 0.005)
(-0.296009 0.807116 0.005)
(-0.0419346 0.129482 0.005)
(-0.0507917 0.153658 0.005)
(-0.0309273 0.0986064 0.005)
(0.404156 1.10335 0.005)
(0.40274 1.15153 0.005)
(0.0377066 0.118397 0.005)
(0.0600662 0.181034 0.005)
(0.065592 0.195494 0.005)
(0.0501594 0.153961 0.005)
(-0.111396 0.316495 0.005)
(0.00472144 0.0285869 0.005)
(0.119127 0.337476 0.005)
(0.0157522 0.0557262 0.005)
(0.0902496 0.259401 0.005)
(0.0775648 0.226078 0.005)
(0.135767 0.382698 0.005)
(-0.173066 0.484486 0.005)
(0.211105 0.578389 0.005)
(-0.135632 0.381087 0.005)
(0.372151 0.99789 0.005)
(-0.0065887 0.0346572 0.005)
(-0.00130623 0.0180385 0.005)
(-0.360653 1.10398 0.005)
(-0.353449 1.35117 0.005)
(-0.350883 1.55043 0.005)
(0.349986 1.80011 0.005)
(-0.350002 2.10002 0.005)
(0.35 2.65 0.005)
(0.35 2.95 0.005)
(-0.35 3.5 0.005)
(-0.35 4 0.005)
(0.35 4.25 0.005)
(-0.35 4.5 0.005)
(0.356021 1.10213 0.005)
(0.349853 1.45029 0.005)
(0.35 2.00004 0.005)
(-0.35 2.30001 0.005)
(-0.35 2.55 0.005)
(-0.35 3.05 0.005)
(0.35 3.6 0.005)
(-0.35 3.3 0.005)
(0.35 3.85 0.005)
(-0.350051 1.85009 0.005)
(-0.279884 0.921496 0.005)
(0.231203 0.739315 0.005)
(-0.134284 0.467675 0.005)
(0.104822 0.370156 0.005)
(-0.0983466 0.347442 0.005)
(0.0728871 0.267311 0.005)
(0.35 4.5 0.005)
(-1.04616e-11 4.85 0.005)
(0.0507912 0.202301 0.005)
(-0.0382585 0.158753 0.005)
(0.0334121 0.145936 0.005)
(-0.0276741 0.121832 0.005)
(0.0205876 0.101183 0.005)
(-0.35 4.7 0.005)
(0.2 4.85 0.005)
(-0.0151008 0.0841743 0.005)
(0.35 4.65 0.005)
(0.35 3.4 0.005)
(-0.35 2.7 0.005)
(-0.35 2.85 0.005)
(0.349909 1.60026 0.005)
(0.351053 1.25008 0.005)
(-0.00501587 0.0533372 0.005)
(0.35 4.35 0.005)
(0.35 3.2 0.005)
(0.35 3.05 0.005)
(0.35 2.75 0.005)
(0.35 2.5 0.005)
(0.35 2.35 0.005)
(-0.350016 1.95005 0.005)
(0.146828 0.500112 0.005)
(0.178808 0.593686 0.005)
(-0.112168 0.391461 0.005)
(0.084778 0.305423 0.005)
(0.36003 1.05377 0.005)
(-0.361585 1.05386 0.005)
(2.70073e-05 0.0377472 0.005)
(0.319097 0.845974 0.005)
(0.246023 0.779267 0.005)
(0.238541 0.647034 0.005)
(-0.0427094 0.171834 0.005)
(-0.265081 0.723319 0.005)
(-0.153142 0.429732 0.005)
(0.164529 0.458821 0.005)
(-0.208816 0.577898 0.005)
(-0.350001 2.15001 0.005)
(-0.35 3.7 0.005)
(-0.35 3.45 0.005)
(-0.35 3.4 0.005)
(-0.35 3.8 0.005)
(0.35 3.3 0.005)
(-0.4 3.6 0.005)
(-0.35 4.1 0.005)
(-0.4 3.9 0.005)
(-0.4 4.15 0.005)
(-0.35 4.8 0.005)
(-0.35 4.45 0.005)
(-0.4 4.25 0.005)
(-0.4 4.35 0.005)
(-0.4 4.6 0.005)
(0.15 4.85 0.005)
(0.3 4.9 0.005)
(0.35 4.55 0.005)
(0.05 4.9 0.005)
(-0.1 4.9 0.005)
(0.35 3.9 0.005)
(-0.2 4.9 0.005)
(0.4 4.75 0.005)
(0.4 4.45 0.005)
(0.35 4.85 0.005)
(-0.3 4.85 0.005)
(0.4 4.1 0.005)
(0.4 4.2 0.005)
(0.4 4 0.005)
(0.35 3.65 0.005)
(0.4 3.75 0.005)
(-0.4 3.2 0.005)
(0.4 3.5 0.005)
(-0.35 3.1 0.005)
(-0.35 2.9 0.005)
(0.4 3.15 0.005)
(-0.35 2.95 0.005)
(0.35 2.8 0.005)
(0.4 2.9 0.005)
(-0.4 2.8 0.005)
(-0.4 2.65 0.005)
(0.4 2.6 0.005)
(-0.4 2.45 0.005)
(-0.35 2.35 0.005)
(0.35 2.45 0.005)
(0.349936 1.65022 0.005)
(0.349957 1.70018 0.005)
(0.4 2.3 0.005)
(0.4 2.20001 0.005)
(-0.350001 2.20001 0.005)
(0.4 2.10001 0.005)
(-0.400003 2.05002 0.005)
(0.349993 1.85009 0.005)
(0.349996 1.90007 0.005)
(-0.400061 1.80008 0.005)
(-0.40026 1.65017 0.005)
(0.349849 1.5003 0.005)
(-0.401246 1.45049 0.005)
(0.400195 1.35021 0.005)
(-0.00731413 0.0606948 0.005)
(0.353657 1.15085 0.005)
(-0.405025 1.20171 0.005)
(-0.35587 1.25195 0.005)
(0.0416168 0.129583 0.005)
(-0.0843579 0.305788 0.005)
(0.0912298 0.325949 0.005)
(-0.235973 0.647389 0.005)
(-0.345725 0.950214 0.005)
(0.14481 0.406945 0.005)
(0.0838216 0.24231 0.005)
(0.0240039 0.0785014 0.005)
(0.019106 0.0630955 0.005)
(-0.0717581 0.26648 0.005)
(-0.0205157 0.0720922 0.005)
(0.0549218 0.167165 0.005)
(-0.0461403 0.141289 0.005)
(-0.265547 0.872433 0.005)
(-0.238538 0.782503 0.005)
(-0.0182641 0.0933546 0.005)
(0.0237327 0.111481 0.005)
(0.00729242 0.0345485 0.005)
(-0.184208 0.514172 0.005)
(0.353195 0.93951 0.005)
(-0.0772468 0.224528 0.005)
(-0.034603 0.10819 0.005)
(0.0562615 0.217805 0.005)
(-0.0661065 0.193973 0.005)
(0.0126544 0.0481078 0.005)
(0.167486 0.560968 0.005)
(0.406013 1.05744 0.005)
(0.00197491 0.0229981 0.005)
(0.000539753 0.0309678 0.005)
(0.306681 1.0997 0.005)
(0.299615 1.4503 0.005)
(0.299975 1.80015 0.005)
(0.3 2.45 0.005)
(0.3 2.75 0.005)
(0.3 3.2 0.005)
(-0.3 3.5 0.005)
(-0.3 3.75 0.005)
(-0.3 4.5 0.005)
(-0.300003 2.10002 0.005)
(-0.3 2.30001 0.005)
(0.3 3.6 0.005)
(0.3 3.85 0.005)
(-0.3 3.05 0.005)
(-0.229309 0.939719 0.005)
(0.192924 0.75495 0.005)
(-0.187307 0.627931 0.005)
(0.135902 0.573878 0.005)
(0.3 4.5 0.005)
(-0.0585653 0.293379 0.005)
(-0.0564608 0.2148 0.005)
(0.0354764 0.208569 0.005)
(-0.0257572 0.163314 0.005)
(0.0653387 0.313373 0.005)
(-0.35 4.3 0.005)
(0.35 4.05 0.005)
(0.2 4.8 0.005)
(0.35 2.15001 0.005)
(0.299827 1.60033 0.005)
(0.291487 0.907075 0.005)
(-0.314574 1.05918 0.005)
(0.0162786 0.0721908 0.005)
(-0.00676568 0.0874559 0.005)
(0.0108502 0.104263 0.005)
(-0.3 4.8 0.005)
(0.25 4.85 0.005)
(0.05 4.85 0.005)
(-0.1 4.85 0.005)
(0.35 4.45 0.005)
(0.35 3.15 0.005)
(0.35 2.9 0.005)
(-0.35 2.8 0.005)
(-0.35 2.65 0.005)
(0.35 2.6 0.005)
(-0.350004 2.05003 0.005)
(-0.350385 1.65026 0.005)
(-0.357389 1.20253 0.005)
(-0.0662548 0.24815 0.005)
(0.119996 0.418898 0.005)
(0.13738 0.471855 0.005)
(-0.152964 0.527438 0.005)
(-0.0301271 0.133422 0.005)
(0.0173639 0.0911505 0.005)
(-0.126352 0.440462 0.005)
(0.0300627 0.133713 0.005)
(0.0674408 0.249972 0.005)
(-0.0251741 0.111898 0.005)
(-0.0122382 0.0756168 0.005)
(0.0412149 0.172722 0.005)
(0.00910407 0.059999 0.005)
(0.0052017 0.0430514 0.005)
(-0.309153 1.01508 0.005)
(-0.295601 0.970201 0.005)
(0.190843 0.627853 0.005)
(0.217044 0.700673 0.005)
(0.350071 1.35016 0.005)
(-0.251839 0.826163 0.005)
(-0.35 3.65 0.005)
(-0.35 3.55 0.005)
(-0.3 3.45 0.005)
(-0.35 3.9 0.005)
(-0.35 3.85 0.005)
(-0.35 3.95 0.005)
(-0.35 4.05 0.005)
(-0.35 4.2 0.005)
(-0.35 4.15 0.005)
(-0.35 4.75 0.005)
(0.3 4.85 0.005)
(0.35 3.95 0.005)
(-0.35 4.65 0.005)
(-0.35 4.55 0.005)
(-0.35 4.4 0.005)
(0.35 4.1 0.005)
(0.35 4.2 0.005)
(0.1 4.85 0.005)
(-0.15 4.85 0.005)
(-0.25 4.85 0.005)
(-0.05 4.85 0.005)
(0.35 4.7 0.005)
(0.35 4.8 0.005)
(0.35 4.6 0.005)
(0.35 4.3 0.005)
(0.35 4.4 0.005)
(0.35 3.7 0.005)
(0.35 3.8 0.005)
(-0.35 3.25 0.005)
(0.35 3.45 0.005)
(0.35 3.55 0.005)
(-0.35 3.15 0.005)
(-0.35 3.35 0.005)
(0.3 3.25 0.005)
(0.35 3.35 0.005)
(-0.35 3 0.005)
(0.35 3.1 0.005)
(0.35 3 0.005)
(0.35 2.85 0.005)
(-0.35 2.75 0.005)
(0.35 2.20001 0.005)
(0.35 2.30001 0.005)
(0.35 2.7 0.005)
(-0.35 2.6 0.005)
(-0.35 2.4 0.005)
(-0.35 2.5 0.005)
(0.35 2.05003 0.005)
(0.35 2.55 0.005)
(0.3 2.35001 0.005)
(-0.35 2.25001 0.005)
(-0.300001 2.15002 0.005)
(0.299986 1.85011 0.005)
(-0.350009 2.00004 0.005)
(0.349998 1.95005 0.005)
(-0.35003 1.90006 0.005)
(-0.350148 1.75015 0.005)
(-0.35009 1.80011 0.005)
(0.29988 1.65028 0.005)
(0.349973 1.75015 0.005)
(-0.350596 1.60033 0.005)
(0.349871 1.55029 0.005)
(-0.351838 1.4507 0.005)
(-0.351302 1.50055 0.005)
(0.3499 1.40023 0.005)
(-0.35256 1.40091 0.005)
(0.350415 1.30007 0.005)
(-0.163726 0.55959 0.005)
(-0.354565 1.30151 0.005)
(0.352078 1.20024 0.005)
(-0.212561 0.701769 0.005)
(0.0786205 0.285821 0.005)
(-0.047232 0.185446 0.005)
(0.261302 0.820537 0.005)
(-0.359043 1.15324 0.005)
(0.311311 1.00129 0.005)
(-0.22545 0.74111 0.005)
(0.0457566 0.187196 0.005)
(0.112148 0.393962 0.005)
(-0.0912838 0.326378 0.005)
(-0.119077 0.415129 0.005)
(0.037105 0.158938 0.005)
(-0.143103 0.49671 0.005)
(0.0268837 0.122268 0.005)
(-0.0217068 0.102736 0.005)
(-0.105315 0.369023 0.005)
(0.0978941 0.347484 0.005)
(-0.0338549 0.145959 0.005)
(0.0619153 0.233618 0.005)
(-0.00974389 0.0679105 0.005)
(0.117953 0.511942 0.005)
(0.000266876 0.0563222 0.005)
(0.00478275 0.0507123 0.005)
(-0.00264022 0.0459133 0.005)
(-0.3 4.1 0.005)
(-0.305947 1.30186 0.005)
(-0.301154 1.55054 0.005)
(-0.300193 1.7502 0.005)
(-0.250003 2.10003 0.005)
(-0.3 2.6 0.005)
(0.3 2.95 0.005)
(0.25 3.2 0.005)
(0.3 4.05 0.005)
(0.3 4.25 0.005)
(-0.3 2.8 0.005)
(0.299999 2.00005 0.005)
(-0.3 3.3 0.005)
(-0.25 3.5 0.005)
(0.3 2.15002 0.005)
(0.249958 1.80018 0.005)
(0.24971 1.60038 0.005)
(-0.174469 0.717147 0.005)
(-0.0935686 0.423755 0.005)
(-0.120619 0.539075 0.005)
(0.0820496 0.379448 0.005)
(-1.30512e-11 4.8 0.005)
(0.3 3.4 0.005)
(0.0183315 0.136914 0.005)
(0.0236176 0.16307 0.005)
(-0.3 3.95 0.005)
(-0.3 4.7 0.005)
(-0.3 4.55 0.005)
(0.3 3.55 0.005)
(0.3 2.30001 0.005)
(-0.300038 1.90008 0.005)
(-0.0173505 0.122624 0.005)
(0.300685 1.24936 0.005)
(0.3 4.65 0.005)
(0.25 4.8 0.005)
(-0.1 4.8 0.005)
(-0.25 4.8 0.005)
(0.3 4.35 0.005)
(0.3 4.45 0.005)
(0.3 3.8 0.005)
(0.3 3.05 0.005)
(0.3 3.15 0.005)
(0.3 2.55 0.005)
(-0.3 2.25001 0.005)
(0.299953 1.75019 0.005)
(0.299749 1.55035 0.005)
(-0.303322 1.40113 0.005)
(-0.196279 0.79832 0.005)
(-0.218114 0.889312 0.005)
(0.180102 0.715881 0.005)
(-0.276042 1.02644 0.005)
(0.0513013 0.25644 0.005)
(-0.0710164 0.335769 0.005)
(0.0597752 0.293091 0.005)
(0.109839 0.483476 0.005)
(-0.0215258 0.150617 0.005)
(0.0309045 0.192637 0.005)
(0.00824438 0.0945593 0.005)
(-0.00368963 0.0703812 0.005)
(0.310483 1.05046 0.005)
(0.145933 0.607193 0.005)
(-0.3 3.55 0.005)
(-0.3 3.9 0.005)
(-0.3 3.8 0.005)
(-0.3 3.7 0.005)
(-0.3 3.4 0.005)
(-0.35 3.6 0.005)
(-0.3 4.05 0.005)
(-0.3 4.75 0.005)
(-0.3 4.2 0.005)
(-0.35 4.25 0.005)
(0.3 4.8 0.005)
(-0.35 4.35 0.005)
(-0.3 4.45 0.005)
(-0.35 4.6 0.005)
(0.15 4.8 0.005)
(0.1 4.8 0.005)
(0.3 4.55 0.005)
(-0.2 4.85 0.005)
(0.35 4.75 0.005)
(0.3 3.9 0.005)
(0.35 4.15 0.005)
(0.3 3.3 0.005)
(0.35 4 0.005)
(0.3 3.65 0.005)
(0.35 3.75 0.005)
(0.35 3.5 0.005)
(-0.3 3.1 0.005)
(-0.35 3.2 0.005)
(0.3 2.8 0.005)
(-0.3 2.95 0.005)
(-0.3 3 0.005)
(-0.3 2.65 0.005)
(-0.3 2.7 0.005)
(0.3 2.6 0.005)
(0.3 2.7 0.005)
(0.3 2.85 0.005)
(-0.3 2.35 0.005)
(-0.3 2.5 0.005)
(0.3 2.5 0.005)
(-0.35 2.45 0.005)
(0.3 2.4 0.005)
(-0.300022 1.95006 0.005)
(-0.300006 2.05003 0.005)
(0.35 2.25001 0.005)
(0.299992 1.90009 0.005)
(-0.300001 2.20001 0.005)
(-0.300118 1.80015 0.005)
(0.35 2.10002 0.005)
(-0.350248 1.7002 0.005)
(-0.300778 1.60043 0.005)
(0.299921 1.70023 0.005)
(-0.302405 1.45088 0.005)
(0.299668 1.50034 0.005)
(0.300006 1.29965 0.005)
(0.299595 1.40017 0.005)
(0.276686 0.86308 0.005)
(-0.061213 0.230902 0.005)
(0.303804 1.14917 0.005)
(-0.309663 1.20316 0.005)
(0.206474 0.795172 0.005)
(0.0708956 0.334304 0.005)
(-0.00918317 0.0962879 0.005)
(0.0408015 0.224791 0.005)
(0.0134705 0.114617 0.005)
(-0.199777 0.664088 0.005)
(0.203593 0.663493 0.005)
(0.304344 0.953002 0.005)
(0.128429 0.444829 0.005)
(-0.098822 0.449093 0.005)
(-0.104767 0.476936 0.005)
(-0.0296223 0.176481 0.005)
(-0.175218 0.593085 0.005)
(-0.0775171 0.357101 0.005)
(-0.242554 0.999959 0.005)
(0.0136716 0.0799816 0.005)
(-0.313882 1.10587 0.005)
(0.0880065 0.403979 0.005)
(-0.0834208 0.378489 0.005)
(0.0129327 0.0673423 0.005)
(-0.0112631 0.108232 0.005)
(-0.0645332 0.314393 0.005)
(0.126578 0.542044 0.005)
(-0.0487742 0.253894 0.005)
(-0.0532994 0.273092 0.005)
(-0.0518254 0.199702 0.005)
(-0.00222847 0.0781891 0.005)
(0.256004 1.09606 0.005)
(0.249708 1.24827 0.005)
(-0.254004 1.40127 0.005)
(0.25 2.4 0.005)
(0.25 2.55 0.005)
(0.25 2.75 0.005)
(-0.25 2.95 0.005)
(-0.25 3.75 0.005)
(-0.25 3.95 0.005)
(-0.25 4.5 0.005)
(0.249097 1.40005 0.005)
(-0.251388 1.55064 0.005)
(-0.250234 1.75024 0.005)
(-0.25 2.25001 0.005)
(-0.25 2.65 0.005)
(0.25 3.6 0.005)
(0.25 3.85 0.005)
(0.25 4.45 0.005)
(-0.250046 1.9001 0.005)
(-0.227368 1.05702 0.005)
(0.15406 0.768804 0.005)
(0.0886023 0.521617 0.005)
(-0.0675984 0.430098 0.005)
(0.0589766 0.387187 0.005)
(-0.0506044 0.345198 0.005)
(0.0409276 0.299949 0.005)
(-0.0305888 0.258163 0.005)
(0.0193758 0.214299 0.005)
(-0.25 3.55 0.005)
(0.15 4.75 0.005)
(-0.250007 2.05004 0.005)
(0.248396 0.920903 0.005)
(-0.0102301 0.155366 0.005)
(-0.3 3.6 0.005)
(-0.3 4.35 0.005)
(-0.3 4.25 0.005)
(-0.3 4.6 0.005)
(-0.2 4.8 0.005)
(0.3 4.75 0.005)
(0.3 4 0.005)
(0.3 3.75 0.005)
(0.3 3.5 0.005)
(-0.25 3.05 0.005)
(0.25 3.15 0.005)
(-0.3 2.9 0.005)
(-0.3 2.45 0.005)
(0.3 2.25001 0.005)
(0.3 2.10003 0.005)
(-0.300322 1.70026 0.005)
(-0.178194 0.952266 0.005)
(0.168015 0.678196 0.005)
(-0.1409 0.606774 0.005)
(-0.163152 0.679163 0.005)
(0.0946092 0.429699 0.005)
(0.103844 0.584963 0.005)
(-0.037552 0.204519 0.005)
(-0.0448849 0.235993 0.005)
(0.000834934 0.106614 0.005)
(0.00452633 0.0861379 0.005)
(-0.3 3.65 0.005)
(-0.3 3.85 0.005)
(-0.3 4 0.005)
(-0.25 3.45 0.005)
(-0.25 4.75 0.005)
(-0.3 4.4 0.005)
(-0.3 4.65 0.005)
(-0.3 4.15 0.005)
(0.25 4.75 0.005)
(0.05 4.8 0.005)
(-0.05 4.8 0.005)
(0.25 4.5 0.005)
(0.3 4.3 0.005)
(0.3 4.6 0.005)
(-0.15 4.8 0.005)
(0.3 4.7 0.005)
(0.3 4.1 0.005)
(0.3 4.2 0.005)
(0.3 4.4 0.005)
(0.3 3.95 0.005)
(-0.3 3.2 0.005)
(-0.3 3.15 0.005)
(0.3 3.7 0.005)
(-0.3 3.35 0.005)
(0.25 3.25 0.005)
(-0.3 3.25 0.005)
(0.3 3.45 0.005)
(0.3 3.35 0.005)
(0.3 3 0.005)
(0.3 3.1 0.005)
(0.3 2.9 0.005)
(-0.3 2.85 0.005)
(0.25 2.8 0.005)
(-0.3 2.75 0.005)
(0.25 2.45 0.005)
(0.3 2.65 0.005)
(-0.3 2.55 0.005)
(-0.25 2.30001 0.005)
(-0.250002 2.15002 0.005)
(-0.3 2.4 0.005)
(0.25 2.30001 0.005)
(0.3 2.20001 0.005)
(0.3 2.05004 0.005)
(0.249975 1.85014 0.005)
(-0.300012 2.00005 0.005)
(0.299996 1.95006 0.005)
(0.249802 1.65033 0.005)
(0.249924 1.75023 0.005)
(-0.30007 1.85011 0.005)
(0.24924 1.45026 0.005)
(0.249574 1.5504 0.005)
(-0.300513 1.65033 0.005)
(-0.301703 1.50069 0.005)
(-0.304518 1.35144 0.005)
(0.299683 1.34993 0.005)
(0.220546 0.836441 0.005)
(-0.307686 1.25241 0.005)
(0.264087 1.00367 0.005)
(-0.207086 0.842427 0.005)
(0.301879 1.1991 0.005)
(-0.0340717 0.278505 0.005)
(-0.0385854 0.300056 0.005)
(-0.18546 0.756647 0.005)
(0.156636 0.641953 0.005)
(-0.0706469 0.454835 0.005)
(0.0459084 0.320461 0.005)
(-0.311836 1.15422 0.005)
(-0.0136749 0.166934 0.005)
(-0.130406 0.572304 0.005)
(-0.0574274 0.366743 0.005)
(-0.0885993 0.400452 0.005)
(-0.0182361 0.114509 0.005)
(-0.111932 0.507105 0.005)
(0.0550965 0.273764 0.005)
(0.0206204 0.149487 0.005)
(0.0270665 0.177423 0.005)
(0.076433 0.356235 0.005)
(0.101985 0.456215 0.005)
(0.0160764 0.125405 0.005)
(0.0465223 0.240654 0.005)
(-0.0335689 0.190242 0.005)
(-0.0157477 0.13656 0.005)
(0.00185703 0.0660874 0.005)
(-0.271558 1.06046 0.005)
(-0.000390565 0.0967634 0.005)
(0.006558 0.0726632 0.005)
(-0.000934306 0.0899816 0.005)
(-0.25 4.15 0.005)
(-0.261816 1.20346 0.005)
(0.249997 2.00006 0.005)
(0.2 3.2 0.005)
(0.25 3.4 0.005)
(0.25 4.05 0.005)
(-0.25 2.45 0.005)
(0.25 2.95 0.005)
(0.25 4.2 0.005)
(0.198406 1.39992 0.005)
(0.199357 1.55044 0.005)
(-0.2 2.25001 0.005)
(0.2 2.40001 0.005)
(-0.25 3.3 0.005)
(-0.2 3.5 0.005)
(0.2 4.45 0.005)
(0.199889 1.75026 0.005)
(0.2 2.75 0.005)
(-0.200008 2.05005 0.005)
(-0.126277 0.692849 0.005)
(-0.153645 0.811243 0.005)
(-0.0869768 0.54928 0.005)
(-1.48504e-11 4.75 0.005)
(-0.0414276 0.432034 0.005)
(0.0683105 0.439593 0.005)
(0.0315775 0.248899 0.005)
(-0.0281876 0.239378 0.005)
(-0.0295246 0.355568 0.005)
(-0.0111097 0.260754 0.005)
(0.0225678 0.306065 0.005)
(-0.0197682 0.194638 0.005)
(-0.221373 1.10577 0.005)
(0.25 4.6 0.005)
(-0.25 4.4 0.005)
(-0.25 4.65 0.005)
(-0.1 4.75 0.005)
(-0.25 4.55 0.005)
(0.25 4.3 0.005)
(0.25 4.4 0.005)
(0.25 3.7 0.005)
(0.25 3.8 0.005)
(-0.25 3.2 0.005)
(-0.25 2.75 0.005)
(0.25 2.10003 0.005)
(-0.250014 2.00006 0.005)
(-0.250083 1.85014 0.005)
(-0.252038 1.5008 0.005)
(0.249013 1.34963 0.005)
(-0.170384 0.902811 0.005)
(0.0151518 0.197213 0.005)
(0.250917 1.19739 0.005)
(0.121851 0.654325 0.005)
(0.142575 0.729214 0.005)
(0.0824103 0.49361 0.005)
(0.00715514 0.138531 0.005)
(0.0337979 0.27756 0.005)
(-0.0651458 0.408097 0.005)
(0.0549538 0.363568 0.005)
(0.0102896 0.166435 0.005)
(-0.00403906 0.130919 0.005)
(0.00310848 0.117346 0.005)
(0.25 2.65 0.005)
(-0.25 3.6 0.005)
(-0.25 4.05 0.005)
(-0.25 4 0.005)
(-0.25 3.9 0.005)
(-0.25 3.8 0.005)
(-0.25 3.4 0.005)
(-0.3 4.3 0.005)
(-0.25 3.7 0.005)
(-0.25 4.45 0.005)
(-0.25 4.25 0.005)
(-0.25 4.7 0.005)
(0.2 4.75 0.005)
(0.1 4.75 0.005)
(0.25 3.9 0.005)
(0.25 4.55 0.005)
(-0.15 4.75 0.005)
(-0.2 4.75 0.005)
(0.25 4.65 0.005)
(0.25 4.7 0.005)
(0.3 4.15 0.005)
(0.25 3.95 0.005)
(0.25 3.3 0.005)
(-0.25 3.1 0.005)
(0.25 3.5 0.005)
(0.25 3.55 0.005)
(0.25 3.65 0.005)
(0.25 3 0.005)
(0.25 3.1 0.005)
(0.25 2.85 0.005)
(-0.25 3 0.005)
(-0.25 2.8 0.005)
(-0.25 2.9 0.005)
(-0.25 2.5 0.005)
(-0.25 2.6 0.005)
(0.25 2.7 0.005)
(-0.25 2.7 0.005)
(-0.25 2.35001 0.005)
(0.25 2.6 0.005)
(0.25 2.15002 0.005)
(0.25 2.25001 0.005)
(0.25 2.5 0.005)
(0.25 2.35001 0.005)
(-0.200004 2.10003 0.005)
(0.249986 1.9001 0.005)
(-0.250001 2.20002 0.005)
(-0.250941 1.6005 0.005)
(-0.250387 1.70031 0.005)
(0.199933 1.8002 0.005)
(-0.250027 1.95008 0.005)
(-0.250145 1.80018 0.005)
(0.199554 1.60042 0.005)
(0.249871 1.70028 0.005)
(-0.136467 0.730674 0.005)
(0.249404 1.50036 0.005)
(-0.252907 1.45101 0.005)
(-0.257199 1.30204 0.005)
(-0.255448 1.3516 0.005)
(0.179678 0.851066 0.005)
(0.249149 1.29901 0.005)
(-0.0738474 0.483542 0.005)
(0.166499 0.809469 0.005)
(0.25969 0.962594 0.005)
(-0.013882 0.282617 0.005)
(-0.181655 1.00361 0.005)
(0.252999 1.14664 0.005)
(0.112524 0.618896 0.005)
(-0.0412942 0.219583 0.005)
(-0.00519816 0.145354 0.005)
(0.260741 1.0474 0.005)
(-0.0963865 0.583586 0.005)
(0.234774 0.878436 0.005)
(-0.151836 0.642371 0.005)
(-0.00232487 0.158907 0.005)
(0.0955924 0.552362 0.005)
(-0.00720717 0.120339 0.005)
(0.0246968 0.231906 0.005)
(0.0632651 0.412505 0.005)
(-0.0440975 0.322508 0.005)
(-0.0162864 0.180332 0.005)
(-0.062486 0.387269 0.005)
(-0.267822 1.10655 0.005)
(0.0506405 0.341511 0.005)
(0.19894 1.19506 0.005)
(0.2 2.55 0.005)
(0.2 2.95 0.005)
(0.2 3.65 0.005)
(0.2 3.85 0.005)
(-0.2 4.05 0.005)
(-0.208242 1.30201 0.005)
(-0.202309 1.50086 0.005)
(-0.200434 1.70035 0.005)
(-0.150008 2.05005 0.005)
(-0.2 2.65 0.005)
(-0.2 3.05 0.005)
(-0.2 3.75 0.005)
(-0.2 4.5 0.005)
(-0.2 2.45 0.005)
(0.149101 1.55048 0.005)
(0.199999 2.10004 0.005)
(0.149847 1.75028 0.005)
(0.138542 0.864586 0.005)
(-0.129429 0.960999 0.005)
(0.0784822 0.628847 0.005)
(0.104426 0.740563 0.005)
(-0.089145 0.705864 0.005)
(-0.0537183 0.559011 0.005)
(0.206846 1.03518 0.005)
(0.0616156 0.500548 0.005)
(0.0355776 0.392962 0.005)
(-0.200095 1.85016 0.005)
(0.00317127 0.219518 0.005)
(-0.0395521 0.416726 0.005)
(-0.2 3.95 0.005)
(0.15 4.7 0.005)
(-0.25 4.3 0.005)
(-0.1 4.7 0.005)
(-0.2 4.7 0.005)
(0.2 4.4 0.005)
(0.25 4.15 0.005)
(0.2 4.55 0.005)
(-0.2 2.75 0.005)
(-0.200001 2.20002 0.005)
(0.199812 1.70032 0.005)
(0.199076 1.50038 0.005)
(-0.0107149 0.240409 0.005)
(-0.11579 0.65548 0.005)
(0.220572 0.974213 0.005)
(-0.217174 1.15436 0.005)
(-0.0264064 0.222788 0.005)
(0.0202179 0.29006 0.005)
(0.0310453 0.347664 0.005)
(-0.0224562 0.330052 0.005)
(-0.0385545 0.378986 0.005)
(-0.00223013 0.182262 0.005)
(-0.25 3.65 0.005)
(-0.25 3.85 0.005)
(-0.2 3.45 0.005)
(-0.25 4.35 0.005)
(-0.2 3.6 0.005)
(-0.2 3.55 0.005)
(-0.25 4.1 0.005)
(0.2 4.65 0.005)
(-0.2 4.45 0.005)
(-0.25 4.2 0.005)
(-0.25 4.6 0.005)
(-0.05 4.75 0.005)
(0.05 4.75 0.005)
(0.2 4.7 0.005)
(0.2 4.5 0.005)
(0.25 4.25 0.005)
(0.25 4.35 0.005)
(0.25 4 0.005)
(0.25 4.1 0.005)
(0.2 3.9 0.005)
(0.25 3.75 0.005)
(-0.25 3.15 0.005)
(-0.25 3.35 0.005)
(0.2 3.25 0.005)
(0.2 3.55 0.005)
(-0.25 3.25 0.005)
(0.25 3.45 0.005)
(0.25 3.35 0.005)
(0.2 3.1 0.005)
(0.2 3.15 0.005)
(-0.2 2.95 0.005)
(0.2 2.8 0.005)
(0.25 3.05 0.005)
(-0.25 2.85 0.005)
(0.25 2.9 0.005)
(0.2 2.45 0.005)
(0.2 2.7 0.005)
(0.2 2.6 0.005)
(-0.25 2.55 0.005)
(-0.2 2.30001 0.005)
(-0.25 2.4 0.005)
(0.2 2.30001 0.005)
(0.2 2.35001 0.005)
(-0.200055 1.90012 0.005)
(-0.200016 2.00007 0.005)
(0.25 2.20002 0.005)
(-0.200002 2.15003 0.005)
(-0.200272 1.75027 0.005)
(0.199961 1.85016 0.005)
(0.249999 2.05004 0.005)
(0.249993 1.95008 0.005)
(-0.201593 1.5507 0.005)
(-0.206206 1.35161 0.005)
(-0.204576 1.4013 0.005)
(-0.250621 1.6504 0.005)
(0.199701 1.65037 0.005)
(0.197957 1.24686 0.005)
(0.198048 1.34931 0.005)
(0.198747 1.45022 0.005)
(0.114365 0.780849 0.005)
(-0.259345 1.25263 0.005)
(-0.161801 0.855731 0.005)
(0.193356 0.892871 0.005)
(-0.0423421 0.456761 0.005)
(-0.264652 1.15463 0.005)
(0.204383 1.09226 0.005)
(-0.14552 0.769692 0.005)
(0.131904 0.691011 0.005)
(-0.178901 1.05479 0.005)
(0.0648073 0.56141 0.005)
(0.231734 1.00298 0.005)
(0.0750999 0.466976 0.005)
(-0.078832 0.515571 0.005)
(-0.105824 0.618923 0.005)
(0.0378199 0.419205 0.005)
(0.00734645 0.237898 0.005)
(0.00600029 0.151987 0.005)
(0.0386585 0.260259 0.005)
(0.0124613 0.181004 0.005)
(-0.0467919 0.393502 0.005)
(-0.00199005 0.168167 0.005)
(-0.000907044 0.138475 0.005)
(0.0264313 0.327061 0.005)
(-0.0176702 0.305564 0.005)
(-0.0237342 0.208419 0.005)
(0.00569496 0.127912 0.005)
(-0.2 4.25 0.005)
(0.15 3.2 0.005)
(0.2 4.15 0.005)
(0.145258 1.19208 0.005)
(0.146862 1.34912 0.005)
(-0.150001 2.20002 0.005)
(0.15 2.40001 0.005)
(0.15 2.55 0.005)
(0.15 2.7 0.005)
(-0.2 3.3 0.005)
(-0.15 3.6 0.005)
(0.15 3.85 0.005)
(0.15 4.4 0.005)
(0.154207 1.04539 0.005)
(-0.15901 1.30172 0.005)
(-0.152494 1.50087 0.005)
(-0.150471 1.70038 0.005)
(-0.15 4.5 0.005)
(-0.150103 1.85017 0.005)
(-0.110211 0.820268 0.005)
(-0.150017 2.00007 0.005)
(0.0657601 0.748905 0.005)
(-0.0145443 0.455238 0.005)
(-0.2 3.65 0.005)
(-0.15 3.5 0.005)
(0.05 4.7 0.005)
(-0.05 4.7 0.005)
(0.15 4.5 0.005)
(0.15 4.65 0.005)
(0.2 4.25 0.005)
(0.2 4.35 0.005)
(0.2 4 0.005)
(-0.2 3.2 0.005)
(-0.2 3.1 0.005)
(-0.2 3.4 0.005)
(0.2 3.35 0.005)
(0.2 3.05 0.005)
(0.2 2.9 0.005)
(-0.2 2.40001 0.005)
(0.199989 1.95009 0.005)
(0.199998 2.05005 0.005)
(-0.200699 1.65044 0.005)
(-0.123022 0.913977 0.005)
(0.0953857 0.702008 0.005)
(-0.00779103 0.365469 0.005)
(0.151909 0.906844 0.005)
(0.0445481 0.481548 0.005)
(-0.0423913 0.485525 0.005)
(0.0112482 0.396635 0.005)
(0.00605503 0.28635 0.005)
(0.00343762 0.336836 0.005)
(0.2 3.75 0.005)
(-0.2 3.7 0.005)
(-0.2 4.15 0.005)
(-0.2 4.1 0.005)
(-0.2 3.9 0.005)
(-0.2 3.8 0.005)
(-0.2 4 0.005)
(-0.2 4.35 0.005)
(-0.2 4.4 0.005)
(-0.2 4.65 0.005)
(-0.2 4.55 0.005)
(0.1 4.7 0.005)
(0.2 4.05 0.005)
(-0.15 4.7 0.005)
(0.2 4.6 0.005)
(0.2 3.8 0.005)
(0.2 3.95 0.005)
(0.2 3.7 0.005)
(0.2 3.45 0.005)
(0.2 3.6 0.005)
(0.2 3.5 0.005)
(-0.2 3 0.005)
(0.2 3.3 0.005)
(-0.2 2.85 0.005)
(0.15 3.1 0.005)
(-0.2 2.9 0.005)
(0.15 2.75 0.005)
(0.2 3 0.005)
(-0.2 2.55 0.005)
(-0.2 2.8 0.005)
(-0.2 2.6 0.005)
(0.2 2.85 0.005)
(-0.2 2.7 0.005)
(0.2 2.65 0.005)
(-0.2 2.5 0.005)
(0.2 2.20002 0.005)
(0.2 2.5 0.005)
(-0.150004 2.10004 0.005)
(-0.15 2.25002 0.005)
(0.2 2.25001 0.005)
(-0.2 2.35001 0.005)
(0.15 2.30001 0.005)
(0.149906 1.80022 0.005)
(0.2 2.15003 0.005)
(0.149381 1.60046 0.005)
(0.149744 1.70035 0.005)
(-0.200031 1.95009 0.005)
(0.199978 1.90012 0.005)
(-0.200167 1.80021 0.005)
(0.147568 1.39983 0.005)
(0.148697 1.50041 0.005)
(-0.201078 1.60056 0.005)
(-0.156752 1.35143 0.005)
(-0.203311 1.45105 0.005)
(-0.00362623 0.201164 0.005)
(-0.0135039 0.211366 0.005)
(-0.0997007 0.742948 0.005)
(0.125886 0.822391 0.005)
(-0.0620963 0.593199 0.005)
(-0.078795 0.667478 0.005)
(0.197812 1.2983 0.005)
(-0.213708 1.20329 0.005)
(-0.210761 1.25253 0.005)
(0.0129541 0.261898 0.005)
(-0.131935 1.0076 0.005)
(0.0339312 0.368957 0.005)
(0.20127 1.14338 0.005)
(0.0715238 0.594051 0.005)
(-0.0173739 0.400537 0.005)
(0.0865689 0.66494 0.005)
(0.207126 0.934397 0.005)
(-0.173703 1.10444 0.005)
(0.0545347 0.527361 0.005)
(0.182257 0.989689 0.005)
(-0.0119237 0.222939 0.005)
(0.0408687 0.4474 0.005)
(-0.0392733 0.522856 0.005)
(0.15 2.9 0.005)
(-0.15 4.05 0.005)
(-0.100017 2.00008 0.005)
(-0.15 2.5 0.005)
(0.1 2.7 0.005)
(-0.15 2.95 0.005)
(0.15 3.45 0.005)
(0.15 4 0.005)
(0.15 3.6 0.005)
(-0.15 3.8 0.005)
(-0.087808 1.01042 0.005)
(-0.10942 1.30113 0.005)
(0.0973694 0.876961 0.005)
(0.09831 1.50047 0.005)
(0.14997 1.90013 0.005)
(0.0996746 1.70037 0.005)
(-0.100001 2.20002 0.005)
(0.149998 2.10004 0.005)
(-0.15 2.6 0.005)
(-0.15 2.7 0.005)
(0.0955849 1.34914 0.005)
(-0.0395729 0.678659 0.005)
(-0.05 4.65 0.005)
(0.0388961 0.600466 0.005)
(-0.0228702 0.566681 0.005)
(-0.15 4.55 0.005)
(-0.15 3.95 0.005)
(-0.15 4.4 0.005)
(0.15 4.6 0.005)
(0.15 4.35 0.005)
(0.15 3.7 0.005)
(0.15 3.8 0.005)
(0.15 3.3 0.005)
(-0.15 2.8 0.005)
(0.15 2.65 0.005)
(0.15 2.45 0.005)
(-0.15 2.35001 0.005)
(0.141548 1.00541 0.005)
(-0.150033 1.9501 0.005)
(-0.150179 1.80023 0.005)
(-0.154962 1.40121 0.005)
(0.146074 1.2978 0.005)
(0.0282723 0.510312 0.005)
(0.0504806 0.674788 0.005)
(0.0726673 0.791085 0.005)
(0.154177 1.08879 0.005)
(-0.169124 1.15345 0.005)
(-0.0151147 0.428896 0.005)
(0.0130211 0.452126 0.005)
(-0.15 3.65 0.005)
(-0.15 4.15 0.005)
(-0.15 3.55 0.005)
(-0.2 3.85 0.005)
(-0.2 4.2 0.005)
(-0.15 4.45 0.005)
(0.1 4.65 0.005)
(-0.15 3.45 0.005)
(-0.15 3.75 0.005)
(-0.2 4.3 0.005)
(-0.2 4.6 0.005)
(0.15 3.9 0.005)
(-1.57134e-11 4.7 0.005)
(0.15 4.45 0.005)
(-0.1 4.65 0.005)
(-0.15 4.65 0.005)
(0.2 4.2 0.005)
(0.15 3.5 0.005)
(0.2 4.3 0.005)
(0.15 4.55 0.005)
(0.2 4.1 0.005)
(-0.2 3.25 0.005)
(-0.2 3.15 0.005)
(-0.2 3.35 0.005)
(0.15 2.95 0.005)
(0.15 3.05 0.005)
(0.2 3.4 0.005)
(0.15 3.15 0.005)
(-0.15 3 0.005)
(-0.15 3.1 0.005)
(0.15 2.8 0.005)
(0.15 3.25 0.005)
(-0.15 2.85 0.005)
(-0.15 2.40001 0.005)
(0.15 2.6 0.005)
(0.15 2.35001 0.005)
(0.15 2.5 0.005)
(-0.15 2.30001 0.005)
(-0.100009 2.05006 0.005)
(0.15 2.20002 0.005)
(0.15 2.25002 0.005)
(-0.150002 2.15003 0.005)
(0.199994 2.00007 0.005)
(0.099796 1.7503 0.005)
(-0.151728 1.55072 0.005)
(-0.150753 1.65048 0.005)
(-0.150061 1.90013 0.005)
(0.149945 1.85017 0.005)
(0.0988203 1.55051 0.005)
(-0.150299 1.7503 0.005)
(0.149587 1.65041 0.005)
(0.148174 1.45021 0.005)
(0.166263 0.948701 0.005)
(-0.153578 1.45102 0.005)
(-0.0848035 0.969697 0.005)
(-0.00695421 0.508471 0.005)
(-0.161832 1.25208 0.005)
(0.0328643 0.54497 0.005)
(0.145395 1.24563 0.005)
(-0.0509115 0.7196 0.005)
(-0.115401 0.866254 0.005)
(-0.129865 1.05472 0.005)
(0.148101 1.13837 0.005)
(0.0594807 0.711019 0.005)
(0.013365 0.370444 0.005)
(-0.106736 0.779586 0.005)
(0.0164724 0.352398 0.005)
(-0.0699192 0.629467 0.005)
(0.0115339 0.424181 0.005)
(0.00325628 0.308306 0.005)
(-0.0131555 0.48246 0.005)
(0.1 3.2 0.005)
(0.15 4.15 0.005)
(0.110219 1.07805 0.005)
(0.0999287 1.85019 0.005)
(0.1 2.35001 0.005)
(0.1 2.45 0.005)
(0.1 2.55 0.005)
(0.1 2.9 0.005)
(0.1 3.05 0.005)
(-0.15 3.35 0.005)
(-0.15 3.25 0.005)
(0.1 3.45 0.005)
(-0.1 3.65 0.005)
(0.1 3.85 0.005)
(0.1 4.35 0.005)
(-0.1 4.5 0.005)
(-0.15 4.3 0.005)
(0.090136 1.19083 0.005)
(-0.082999 1.05284 0.005)
(-0.105126 1.401 0.005)
(0.0479387 1.50054 0.005)
(-0.100771 1.65049 0.005)
(-0.100186 1.80024 0.005)
(-0.0500177 2.00008 0.005)
(-0.1 2.30001 0.005)
(-0.1 3 0.005)
(-0.1 3.55 0.005)
(0.1 4.45 0.005)
(0.0999996 2.20002 0.005)
(-0.1 3.8 0.005)
(-0.1 2.8 0.005)
(-0.102587 1.50082 0.005)
(0.0496038 1.70039 0.005)
(-0.0584343 0.820181 0.005)
(-0.112459 1.25123 0.005)
(0.0271062 0.748282 0.005)
(-0.15 4.2 0.005)
(-0.15 3.85 0.005)
(-1.6092e-11 4.65 0.005)
(-0.15 3.15 0.005)
(0.15 3.4 0.005)
(0.1 2.65 0.005)
(-0.100005 2.10004 0.005)
(0.099475 1.65044 0.005)
(0.0975929 1.45027 0.005)
(0.0941678 1.29777 0.005)
(0.109586 0.920165 0.005)
(-0.0761413 0.925428 0.005)
(-0.0326035 0.637759 0.005)
(-0.0650393 0.757566 0.005)
(0.00802602 0.69006 0.005)
(-0.165192 1.20261 0.005)
(-0.15 3.7 0.005)
(-0.15 3.9 0.005)
(-0.05 4.6 0.005)
(-0.15 4 0.005)
(-0.1 4.6 0.005)
(-0.15 4.1 0.005)
(-0.1 3.5 0.005)
(-0.1 4.45 0.005)
(-0.15 4.35 0.005)
(0.1 4.5 0.005)
(0.1 4.6 0.005)
(0.15 4.2 0.005)
(0.15 4.3 0.005)
(0.15 4.05 0.005)
(0.05 4.65 0.005)
(-0.15 4.6 0.005)
(0.15 3.95 0.005)
(0.15 3.75 0.005)
(0.15 3.65 0.005)
(-0.15 3.05 0.005)
(0.1 3.1 0.005)
(0.15 3.55 0.005)
(-0.15 3.4 0.005)
(-0.15 2.9 0.005)
(0.15 3.35 0.005)
(0.1 3.25 0.005)
(0.1 2.75 0.005)
(0.15 3 0.005)
(-0.15 2.75 0.005)
(0.15 2.85 0.005)
(-0.15 2.55 0.005)
(-0.15 2.65 0.005)
(0.0999999 2.25002 0.005)
(-0.1 2.35001 0.005)
(-0.15 2.45 0.005)
(0.149992 2.00007 0.005)
(-0.1 2.25002 0.005)
(0.149996 2.05005 0.005)
(-0.100111 1.85019 0.005)
(-0.100035 1.95011 0.005)
(0.149999 2.15003 0.005)
(-0.100002 2.15003 0.005)
(0.149983 1.9501 0.005)
(0.0998753 1.80024 0.005)
(-0.100497 1.7004 0.005)
(0.0991944 1.60049 0.005)
(-0.15117 1.60059 0.005)
(0.0966899 1.39986 0.005)
(-0.107027 1.35105 0.005)
(0.0133662 0.479468 0.005)
(-0.0572748 1.01054 0.005)
(0.123961 0.963934 0.005)
(0.00831595 0.53593 0.005)
(0.0843812 0.834424 0.005)
(0.122279 1.04921 0.005)
(-0.125289 1.1029 0.005)
(0.035491 0.567837 0.005)
(0.0432248 0.636896 0.005)
(-0.0279591 0.60007 0.005)
(0.0121022 0.499643 0.005)
(-0.1 4 0.005)
(-0.1 4.2 0.005)
(0.05 2.65 0.005)
(-0.1 2.5 0.005)
(0.05 3.2 0.005)
(0.1 3.7 0.005)
(0.1 3.95 0.005)
(0.1 4.15 0.005)
(-0.1 4.35 0.005)
(0.1 3.55 0.005)
(-0.1 3.4 0.005)
(-0.0765005 1.10013 0.005)
(0.074202 0.982976 0.005)
(-0.0625283 1.24993 0.005)
(-0.0569318 1.35053 0.005)
(0.0498488 1.80025 0.005)
(0.0999778 1.95011 0.005)
(-0.0500047 2.10004 0.005)
(0.0999942 2.05006 0.005)
(-0.050001 2.20002 0.005)
(-0.0500002 2.30001 0.005)
(-0.1 2.6 0.005)
(-0.05 4.5 0.005)
(-0.05 3.55 0.005)
(0.1 4.3 0.005)
(-0.1 3.15 0.005)
(0.05 3.05 0.005)
(0.0576192 0.88728 0.005)
(0.0424603 1.29832 0.005)
(-0.0507615 1.6505 0.005)
(-0.0501853 1.80025 0.005)
(-0.0500343 1.95011 0.005)
(-0.1 3.7 0.005)
(0.0499993 2.20002 0.005)
(0.05 4.45 0.005)
(0.05 4.6 0.005)
(0.1 3.8 0.005)
(0.1 3 0.005)
(0.1 2.8 0.005)
(-0.1 2.40001 0.005)
(0.0999988 2.15003 0.005)
(-0.101202 1.6006 0.005)
(0.0207441 0.801463 0.005)
(-0.116146 1.20144 0.005)
(0.0674786 1.05248 0.005)
(-0.0116981 0.735609 0.005)
(-0.1 3.75 0.005)
(-0.1 4.1 0.005)
(-0.15 4.25 0.005)
(-0.1 3.85 0.005)
(-0.1 3.6 0.005)
(-0.05 4.55 0.005)
(-0.1 4.4 0.005)
(-1.56459e-11 4.6 0.005)
(-0.1 3.95 0.005)
(0.1 4 0.005)
(-0.1 4.55 0.005)
(0.1 4.4 0.005)
(0.1 4.55 0.005)
(0.15 4.25 0.005)
(0.15 4.1 0.005)
(0.1 3.3 0.005)
(0.1 3.4 0.005)
(0.1 3.9 0.005)
(-0.15 3.3 0.005)
(0.1 3.6 0.005)
(-0.1 3.45 0.005)
(-0.15 3.2 0.005)
(0.1 3.5 0.005)
(-0.1 2.85 0.005)
(-0.1 2.95 0.005)
(0.1 3.15 0.005)
(-0.1 3.1 0.005)
(-0.1 3.05 0.005)
(-0.1 2.65 0.005)
(-0.1 2.75 0.005)
(0.05 2.7 0.005)
(0.1 2.95 0.005)
(0.1 2.5 0.005)
(0.1 2.85 0.005)
(0.1 2.6 0.005)
(0.1 2.30001 0.005)
(0.1 2.40001 0.005)
(-0.0500096 2.05006 0.005)
(0.0485627 1.55056 0.005)
(0.0493666 1.65046 0.005)
(0.0999583 1.90014 0.005)
(-0.100065 1.90014 0.005)
(0.0497473 1.75032 0.005)
(-0.100315 1.75032 0.005)
(0.0444086 1.34941 0.005)
(0.0470549 1.45038 0.005)
(-0.103697 1.45091 0.005)
(-0.101797 1.55071 0.005)
(-0.0465647 0.983125 0.005)
(0.0860735 1.12688 0.005)
(0.0924101 1.24534 0.005)
(-0.067579 0.876835 0.005)
(-0.0326747 1.04156 0.005)
(0.00577332 0.6027 0.005)
(0.00657023 0.56964 0.005)
(-0.120451 1.15191 0.005)
(0.00585865 0.640793 0.005)
(0.104362 1.02375 0.005)
(0.0326056 0.71763 0.005)
(-0.0776894 0.784 0.005)
(0.05 2.45 0.005)
(0.05 2.8 0.005)
(0.05 2.9 0.005)
(-0.1 3.3 0.005)
(0.05 3.4 0.005)
(-0.05 3.75 0.005)
(0.05 3.9 0.005)
(0.05 4.3 0.005)
(-0.0271419 1.09681 0.005)
(-0.00336063 1.45056 0.005)
(0.0499488 1.90015 0.005)
(-8.91317e-06 2.05006 0.005)
(-0.05 3 0.005)
(-0.05 3.15 0.005)
(-0.05 2.8 0.005)
(-0.05 3.45 0.005)
(0.05 3.5 0.005)
(-0.05 4 0.005)
(-0.1 4.25 0.005)
(-0.05 4.4 0.005)
(0.0499999 2.30001 0.005)
(0.05 4.4 0.005)
(-0.05 2.6 0.005)
(1.71833e-09 2.65 0.005)
(0.05 4.55 0.005)
(0.1 4.25 0.005)
(0.1 4.1 0.005)
(-0.1 3.2 0.005)
(0.05 3.15 0.005)
(0.05 3 0.005)
(0.0499983 2.15003 0.005)
(-0.0500637 1.90015 0.005)
(-0.0504932 1.70041 0.005)
(0.056345 1.09096 0.005)
(-0.0664962 1.19965 0.005)
(-0.02837 0.777289 0.005)
(-0.00877045 1.29923 0.005)
(-0.0550654 1.40068 0.005)
(-0.0536383 1.45073 0.005)
(-0.000720509 1.65048 0.005)
(-0.000466723 1.7004 0.005)
(-0.000292706 1.75032 0.005)
(-0.05 3.85 0.005)
(0.05 3.8 0.005)
(-0.05 3.65 0.005)
(-0.1 4.3 0.005)
(-0.1 3.9 0.005)
(-0.05 3.6 0.005)
(-0.1 4.05 0.005)
(-0.1 4.15 0.005)
(-0.05 4.45 0.005)
(-1.47772e-11 4.55 0.005)
(0.05 3.95 0.005)
(0.05 4.5 0.005)
(0.1 4.2 0.005)
(0.1 3.75 0.005)
(0.1 4.05 0.005)
(-0.1 3.35 0.005)
(0.05 3.25 0.005)
(0.1 3.65 0.005)
(0.05 3.55 0.005)
(-0.05 3.5 0.005)
(-0.05 3.1 0.005)
(0.1 3.35 0.005)
(-0.1 2.9 0.005)
(0.05 3.1 0.005)
(0.05 2.5 0.005)
(0.05 2.6 0.005)
(-0.0500001 2.35001 0.005)
(-0.1 2.7 0.005)
(0.05 2.75 0.005)
(-0.1 2.55 0.005)
(-0.0500024 2.15003 0.005)
(-0.1 2.45 0.005)
(0.0499997 2.25002 0.005)
(0.05 2.35001 0.005)
(-0.0500005 2.25002 0.005)
(0.0999878 2.00008 0.005)
(-3.31373e-05 1.95011 0.005)
(0.099997 2.10004 0.005)
(-0.0525633 1.50072 0.005)
(-0.0511872 1.60058 0.005)
(-0.00238915 1.50061 0.005)
(0.0499083 1.8502 0.005)
(-0.0501127 1.8502 0.005)
(-0.0503171 1.75032 0.005)
(0.0490199 1.60052 0.005)
(-0.01285 0.999919 0.005)
(0.0458867 1.40003 0.005)
(-0.0593996 1.30022 0.005)
(-0.0244431 0.941683 0.005)
(-0.00947799 0.844786 0.005)
(0.0359039 1.19342 0.005)
(0.0397933 1.24637 0.005)
(-0.0712015 1.14968 0.005)
(0.0451467 0.847915 0.005)
(0.0663716 0.929955 0.005)
(0.0532238 1.01599 0.005)
(-0.0179969 0.543161 0.005)
(-0.05 4.15 0.005)
(-0.05 2.45 0.005)
(-0.05 2.95 0.005)
(-0.05 3.35 0.005)
(0.05 3.7 0.005)
(-0.05 4.05 0.005)
(-0.05 3.95 0.005)
(0.05 4 0.005)
(0.05 4.1 0.005)
(-0.05 4.35 0.005)
(-0.05 3.2 0.005)
(0.05 3.35 0.005)
(-0.05 2.85 0.005)
(-0.05 2.55 0.005)
(-0.05 2.75 0.005)
(0.0235621 0.934274 0.005)
(-0.0160612 1.19707 0.005)
(0.0194358 0.892238 0.005)
(-0.00648122 1.34989 0.005)
(-0.00165384 1.55061 0.005)
(-0.000181147 1.80026 0.005)
(0.0499846 2.00008 0.005)
(-0.000108105 1.8502 0.005)
(-9.92693e-07 2.20002 0.005)
(-4.40999e-07 2.25002 0.005)
(-1.77226e-07 2.30001 0.005)
(-4.616e-06 2.10005 0.005)
(0.0499918 2.05006 0.005)
(9.63767e-10 2.7 0.005)
(5.12528e-10 2.75 0.005)
(3.09102e-12 3.05 0.005)
(9.21119e-13 3.1 0.005)
(4.0309e-15 3.15 0.005)
(-8.92345e-13 3.65 0.005)
(-0.05 3.8 0.005)
(-8.89836e-13 3.55 0.005)
(0.05 3.6 0.005)
(-0.05 3.9 0.005)
(-0.05 3.7 0.005)
(-0.05 4.3 0.005)
(-1.13967e-12 3.9 0.005)
(-1.21408e-11 4.45 0.005)
(3.61476e-09 2.45 0.005)
(-0.05 4.25 0.005)
(0.05 4.2 0.005)
(-1.35256e-11 4.5 0.005)
(3.02214e-09 2.6 0.005)
(-0.05 2.65 0.005)
(-8.76976e-13 3.5 0.005)
(-4.07244e-13 3.2 0.005)
(0.05 4.25 0.005)
(-0.05 3.4 0.005)
(0.05 4.35 0.005)
(0.05 3.75 0.005)
(-0.05 3.05 0.005)
(0.05 3.85 0.005)
(-0.1 3.25 0.005)
(0.05 3.45 0.005)
(0.05 3.3 0.005)
(0.05 2.85 0.005)
(0.05 2.95 0.005)
(0.05 2.40001 0.005)
(0.05 2.55 0.005)
(-0.05 2.40001 0.005)
(0.0499958 2.10005 0.005)
(-6.27101e-05 1.90015 0.005)
(0.0499698 1.95011 0.005)
(-1.85898e-05 2.00009 0.005)
(-0.00112229 1.60055 0.005)
(-0.0118755 1.24812 0.005)
(-0.0517898 1.55066 0.005)
(-0.00473891 1.4003 0.005)
(-0.0214337 0.887762 0.005)
(0.0189383 1.05036 0.005)
(0.0288721 1.14161 0.005)
(-0.0214269 1.14656 0.005)
(0.0265503 0.974484 0.005)
(-0.00241143 0.973544 0.005)
(-0.05 3.3 0.005)
(5.28295e-09 2.5 0.005)
(2.58378e-10 2.8 0.005)
(5.25138e-11 2.9 0.005)
(2.35561e-11 2.95 0.005)
(-5.95432e-13 3.25 0.005)
(-6.9863e-13 3.3 0.005)
(-7.67986e-13 3.35 0.005)
(-8.17713e-13 3.4 0.005)
(-9.04707e-13 3.75 0.005)
(-0.05 4.1 0.005)
(-1.01411e-12 3.85 0.005)
(-0.05 4.2 0.005)
(-1.6694e-12 4 0.005)
(-4.61452e-12 4.2 0.005)
(-7.28757e-12 4.3 0.005)
(-1.04936e-11 4.4 0.005)
(-6.14064e-08 2.35001 0.005)
(-8.91487e-13 3.7 0.005)
(-8.89167e-13 3.6 0.005)
(0.05 4.15 0.005)
(0.05 4.05 0.005)
(-0.05 3.25 0.005)
(0.05 3.65 0.005)
(9.97809e-12 3 0.005)
(-1.35764e-12 3.95 0.005)
(-0.05 2.9 0.005)
(-8.50878e-13 3.45 0.005)
(-0.05 2.7 0.005)
(4.49436e-09 2.55 0.005)
(-0.05 2.5 0.005)
(-1.63554e-08 2.40001 0.005)
(-2.34957e-06 2.15003 0.005)
(0.0211108 1.094 0.005)
(0.0231667 1.01111 0.005)
(0.0185322 0.860802 0.005)
(-2.76685e-12 4.1 0.005)
(-8.84074e-12 4.35 0.005)
(-3.59764e-12 4.15 0.005)
(-2.14674e-12 4.05 0.005)
(-9.41237e-13 3.8 0.005)
(-5.85824e-12 4.25 0.005)
(1.25731e-10 2.85 0.005)
)


// ************************************************************************* //
