/*--------------------------------*- C++ -*----------------------------------*\
  =========                 |
  \\      /  F ield         | OpenFOAM: The Open Source CFD Toolbox
   \\    /   O peration     | Website:  https://openfoam.org
    \\  /    A nd           | Version:  dev
     \\/     M anipulation  |
\*---------------------------------------------------------------------------*/
FoamFile
{
    version     2.0;
    format      ascii;
    class       volScalarField;
    location    "0";
    object      nut;
}
// * * * * * * * * * * * * * * * * * * * * * * * * * * * * * * * * * * * * * //

dimensions      [ 0 2 -1 0 0 0 0 ];

internalField   nonuniform List<scalar> 
3000
(
1.24402271289e-08
6.62804708086e-09
3.9518141306e-09
2.7661339608e-09
2.33735132649e-09
2.37518098344e-09
2.79734865656e-09
3.62626983057e-09
4.9346193921e-09
6.80047011682e-09
9.25061920295e-09
1.21824847973e-08
1.52774040208e-08
1.79675115057e-08
1.95617111312e-08
1.44608176618e-08
9.73542305365e-09
6.70400639286e-09
4.79468715095e-09
3.61926593915e-09
2.93299218875e-09
2.58554818856e-09
2.49434042864e-09
2.62243318523e-09
2.96157785871e-09
3.5147280547e-09
4.26940226353e-09
5.15517126708e-09
5.99793429123e-09
6.53076412068e-09
1.23735452808e-08
9.3947379495e-09
7.13187977661e-09
5.47018670771e-09
4.30509665276e-09
3.49537222155e-09
2.95835046383e-09
2.63865549012e-09
2.50038148126e-09
2.52007573638e-09
2.68302230632e-09
2.97095854061e-09
3.34168141002e-09
3.70816500765e-09
3.94350374835e-09
1.07215974442e-08
8.53873599887e-09
6.84175399803e-09
5.53240005156e-09
4.50358255682e-09
3.73131426882e-09
3.1693950222e-09
2.79105541623e-09
2.55641919794e-09
2.44775679231e-09
2.45107191709e-09
2.55107951057e-09
2.71486138622e-09
2.88966284384e-09
3.0048352085e-09
9.45027006285e-09
7.73943692957e-09
6.38926814929e-09
5.3151367998e-09
4.45835576585e-09
3.78445149289e-09
3.2685273019e-09
2.87834334259e-09
2.60938564108e-09
2.44695144442e-09
2.37778214246e-09
2.38565146546e-09
2.44707699721e-09
2.5275197705e-09
2.58393405503e-09
8.61739032762e-09
7.1452042944e-09
5.99014053266e-09
5.06892874671e-09
4.32814764815e-09
3.73380615666e-09
3.26307483935e-09
2.89889271996e-09
2.63045561699e-09
2.44830327437e-09
2.34274852144e-09
2.30121727762e-09
2.30973500154e-09
2.34236995578e-09
2.36940233117e-09
8.05935639044e-09
6.72187658756e-09
5.67805642602e-09
4.84925457339e-09
4.18357580957e-09
3.64704764333e-09
3.21725473277e-09
2.87906917509e-09
2.6220777222e-09
2.43822119162e-09
2.31984666555e-09
2.25766331478e-09
2.23879807794e-09
2.24488140528e-09
2.25521677865e-09
7.70101076411e-09
6.43253298975e-09
5.44810324712e-09
4.67151546269e-09
4.05137211345e-09
3.55316462226e-09
3.15378451309e-09
2.83772015456e-09
2.59435442861e-09
2.41583573784e-09
2.29519318951e-09
2.22443182116e-09
2.19271980412e-09
2.18561186618e-09
2.18744832697e-09
7.47049153313e-09
6.23812698675e-09
5.28427896782e-09
4.53536963428e-09
3.94082526607e-09
3.46588840412e-09
3.08673831967e-09
2.78708887361e-09
2.55568869117e-09
2.38432395701e-09
2.26602410182e-09
2.1932899754e-09
2.15651081204e-09
2.14344939399e-09
2.14125686527e-09
7.32602616864e-09
6.11052769154e-09
5.17083233425e-09
4.43509451535e-09
3.85348485495e-09
3.39125686727e-09
3.02415778309e-09
2.73527344609e-09
2.51271402389e-09
2.34774990085e-09
2.23312127259e-09
2.16138256932e-09
2.12347044181e-09
2.10828580274e-09
2.10447114777e-09
7.23657109884e-09
6.02822911591e-09
5.09404827861e-09
4.36345618334e-09
3.78727999803e-09
3.33094657457e-09
2.97003627202e-09
2.68726160013e-09
2.47027327972e-09
2.30989882288e-09
2.19854144583e-09
2.12861457709e-09
2.09120547145e-09
2.07570653458e-09
2.07146372065e-09
7.18258361568e-09
5.97625134635e-09
5.04315409388e-09
4.31351406993e-09
3.73863512389e-09
3.28414710176e-09
2.92561555177e-09
2.64558023239e-09
2.43142506454e-09
2.27368058091e-09
2.16448416636e-09
2.09607438015e-09
2.0595103233e-09
2.04432957912e-09
2.04013925559e-09
7.15098168102e-09
5.944144457e-09
5.01005320931e-09
4.27937516411e-09
3.70371924505e-09
3.24888423923e-09
2.89048279502e-09
2.6110009771e-09
2.39769725052e-09
2.24093951571e-09
2.13270157854e-09
2.06509125621e-09
2.02909586897e-09
2.01424933661e-09
2.0102033014e-09
7.13297032803e-09
5.92470169076e-09
4.98886635234e-09
4.25639344211e-09
3.67908552434e-09
3.2228680936e-09
2.86341662071e-09
2.58322236616e-09
2.3695037095e-09
2.21256103817e-09
2.10429320199e-09
2.03674206316e-09
2.00084458761e-09
1.98609503133e-09
1.98210961092e-09
7.12313416816e-09
5.91319891485e-09
4.97549958447e-09
4.24109933194e-09
3.66191214288e-09
3.20394861291e-09
2.84294064742e-09
2.56140740937e-09
2.34657143958e-09
2.1887229515e-09
2.07974751414e-09
2.01167769936e-09
1.97544116928e-09
1.96050844672e-09
1.95645154348e-09
7.11808873956e-09
5.9065765048e-09
4.96717485431e-09
4.23100206566e-09
3.65002786797e-09
3.1903140763e-09
2.82763519357e-09
2.544542411e-09
2.32828142812e-09
2.16916225046e-09
2.05909397037e-09
1.99013948361e-09
1.95325521067e-09
1.93791907341e-09
1.93367777749e-09
7.11573118235e-09
5.902877016e-09
4.96204356252e-09
4.22436394805e-09
3.64183096099e-09
3.18053421438e-09
2.81627726748e-09
2.53163971663e-09
2.31389586592e-09
2.15338851288e-09
2.04206931812e-09
1.97205583953e-09
1.93436266903e-09
1.91850690308e-09
1.91403190558e-09
7.11481250516e-09
5.90088176024e-09
4.95890187338e-09
4.220000105e-09
3.63617399448e-09
3.17352589343e-09
2.80787753893e-09
2.52183085801e-09
2.30268746366e-09
2.1408259441e-09
2.02824773105e-09
1.9571385872e-09
1.91859849846e-09
1.90224104049e-09
1.89772390017e-09
7.11461493303e-09
5.89985116866e-09
4.9569815272e-09
4.21711793764e-09
3.63225296179e-09
3.16849230333e-09
2.80166769527e-09
2.51439697217e-09
2.2940040595e-09
2.130898541e-09
2.01712441583e-09
1.94492098179e-09
1.9054406576e-09
1.88831712517e-09
1.88314766391e-09
7.11473888358e-09
5.89934589397e-09
4.95580062474e-09
4.21519568123e-09
3.62951404528e-09
3.16485958447e-09
2.79706866487e-09
2.50876975576e-09
2.28730410832e-09
2.12310735779e-09
2.00826121073e-09
1.93505612699e-09
1.89470652843e-09
1.8769129749e-09
1.87135153462e-09
7.11497016116e-09
5.89911526023e-09
4.95506462509e-09
4.21389566395e-09
3.62758145339e-09
3.16222141856e-09
2.79365323181e-09
2.50451235614e-09
2.28215350294e-09
2.1170339574e-09
2.00126755961e-09
1.92718801168e-09
1.88605765368e-09
1.86760942342e-09
1.86149709528e-09
7.11520415239e-09
5.8990123302e-09
4.95458970777e-09
4.21299784608e-09
3.6262002937e-09
3.16029141408e-09
2.79110892944e-09
2.50129361059e-09
2.27821201258e-09
2.11234234413e-09
1.99583271356e-09
1.92106998428e-09
1.87939426644e-09
1.86064730039e-09
1.85463956037e-09
7.11539949257e-09
5.89896652088e-09
4.95427173555e-09
4.21236481596e-09
3.62520021066e-09
3.15886822284e-09
2.78920580885e-09
2.49885755911e-09
2.27519961809e-09
2.10872764494e-09
1.99161804095e-09
1.91629938998e-09
1.87416543232e-09
1.8551116877e-09
1.84897465141e-09
7.11554530532e-09
5.89894073139e-09
4.95404775161e-09
4.21190657169e-09
3.62446507449e-09
3.15780909733e-09
2.78777452724e-09
2.49700853103e-09
2.27289446035e-09
2.1059413686e-09
1.98834727917e-09
1.91257212806e-09
1.87004908694e-09
1.85071326705e-09
1.8444278166e-09
7.11564508473e-09
5.89891889175e-09
4.95388192691e-09
4.21156716959e-09
3.62391698152e-09
3.15701359288e-09
2.78669161031e-09
2.49559976827e-09
2.27112662316e-09
2.10379127665e-09
1.98580823718e-09
1.9096616714e-09
1.86681597261e-09
1.8472395289e-09
1.84082233387e-09
7.11570750495e-09
5.8988952721e-09
4.95375364737e-09
4.21131018507e-09
3.62350275149e-09
3.15641068251e-09
2.78586728467e-09
2.49452217937e-09
2.26976765171e-09
2.10213035504e-09
1.98383749714e-09
1.90739230104e-09
1.86428434304e-09
1.84450989343e-09
1.83798290787e-09
7.1157421324e-09
5.89886896539e-09
4.953651015e-09
4.21111170616e-09
3.62318579115e-09
3.15594991547e-09
2.78523621472e-09
2.49369479304e-09
2.2687206282e-09
2.10084609031e-09
1.98230823235e-09
1.9056253205e-09
1.86230717102e-09
1.84237295079e-09
1.83575683609e-09
7.11575750538e-09
5.89884101119e-09
4.95356732916e-09
4.21095662224e-09
3.62294104456e-09
3.15559538486e-09
2.78475072421e-09
2.493057387e-09
2.26791230131e-09
2.09985218048e-09
1.98112172017e-09
1.90425103166e-09
1.86076606798e-09
1.84070449383e-09
1.83401706805e-09
7.11576050001e-09
5.89881329422e-09
4.95349822327e-09
4.21083399711e-09
3.62275050057e-09
3.15532097591e-09
2.78437563293e-09
2.49256488801e-09
2.26728710219e-09
2.0990823037e-09
1.98020111959e-09
1.90318295266e-09
1.85956652626e-09
1.83940427547e-09
1.8326603299e-09
7.11575607754e-09
5.8987864262e-09
4.95344102732e-09
4.2107364955e-09
3.62260135384e-09
3.15510763724e-09
2.78408484328e-09
2.49218340899e-09
2.26680275566e-09
2.09848544634e-09
1.97948670538e-09
1.90235319736e-09
1.85863369212e-09
1.83839232006e-09
1.83160387148e-09
7.11574783363e-09
5.8987620262e-09
4.9533938286e-09
4.21065875771e-09
3.62248419593e-09
3.15494123704e-09
2.78385880479e-09
2.49188732121e-09
2.26642699737e-09
2.09802233726e-09
1.97893212449e-09
1.90170868233e-09
1.85790864865e-09
1.83760535781e-09
1.8307820329e-09
7.11573810727e-09
5.89874037693e-09
4.9533550228e-09
4.2105967086e-09
3.62239196014e-09
3.15481114718e-09
2.78368274003e-09
2.49165713203e-09
2.26613512752e-09
2.09766271913e-09
1.97850144397e-09
1.90120802535e-09
1.85734524287e-09
1.83699364199e-09
1.83014307755e-09
7.11572833533e-09
5.89872170598e-09
4.9533233245e-09
4.21054722246e-09
3.62231927586e-09
3.15470929684e-09
2.78354539947e-09
2.49147794522e-09
2.26590818636e-09
2.09738325909e-09
1.97816683001e-09
1.90081903881e-09
1.85690744801e-09
1.83651823423e-09
1.82964644586e-09
7.11571930657e-09
5.89870595749e-09
4.95329761109e-09
4.21050782977e-09
3.62226199682e-09
3.15462949535e-09
2.78343816136e-09
2.49133832626e-09
2.26573158248e-09
2.09716594614e-09
1.97790673058e-09
1.9005167256e-09
1.85656721263e-09
1.83614875564e-09
1.82926045743e-09
7.11571139578e-09
5.89869291471e-09
4.95327689553e-09
4.2104765496e-09
3.62221688491e-09
3.15456695483e-09
2.78335437935e-09
2.49122946357e-09
2.26559405971e-09
2.09699686192e-09
1.97770445755e-09
1.90028169127e-09
1.85630273299e-09
1.83586155951e-09
1.8289604318e-09
7.11570471688e-09
5.89868227571e-09
4.95326031508e-09
4.21045177993e-09
3.62218139159e-09
3.1545179494e-09
2.78328890579e-09
2.49114454435e-09
2.26548691631e-09
2.09686523911e-09
1.9775470863e-09
1.90009889587e-09
1.8560970801e-09
1.83563826772e-09
1.82872717623e-09
7.11569922725e-09
5.89867370643e-09
4.95324712401e-09
4.21043222166e-09
3.62215350111e-09
3.15447956587e-09
2.7832377386e-09
2.49107828541e-09
2.26540341088e-09
2.09676273702e-09
1.97742460107e-09
1.89995667688e-09
1.85593711715e-09
1.83546461017e-09
1.82854578221e-09
7.11569481036e-09
5.89866687717e-09
4.95323668558e-09
4.21041682099e-09
3.62213161487e-09
3.15444951979e-09
2.78319775766e-09
2.4910265809e-09
2.26533831245e-09
2.09668288765e-09
1.97732923586e-09
1.89984598954e-09
1.85581265238e-09
1.8353295119e-09
1.82840467674e-09
7.11569131008e-09
5.89866148004e-09
4.9532284639e-09
4.21040472518e-09
3.62211446425e-09
3.15442601634e-09
2.78316652575e-09
2.49098623421e-09
2.26528755621e-09
2.09662067012e-09
1.97725496464e-09
1.8997598164e-09
1.8557157779e-09
1.83522437854e-09
1.82829487796e-09
7.11568856654e-09
5.89865724341e-09
4.95322201332e-09
4.21039524665e-09
3.622101042e-09
3.15440764402e-09
2.78314213668e-09
2.49095475327e-09
2.26524797978e-09
2.09657218298e-09
1.97719710837e-09
1.89969271046e-09
1.85564035647e-09
1.83514254017e-09
1.82820941507e-09
7.1156864401e-09
5.89865393661e-09
4.95321696897e-09
4.21038783375e-09
3.62209055036e-09
3.1543932928e-09
2.78312309822e-09
2.49093019367e-09
2.26521712051e-09
2.09653439209e-09
1.97715203113e-09
1.89964044128e-09
1.85558162275e-09
1.83507881859e-09
1.82814287647e-09
7.11568480012e-09
5.89865136498e-09
4.95321303384e-09
4.21038204577e-09
3.62208235804e-09
3.15438208985e-09
2.78310824222e-09
2.49091103719e-09
2.26519305939e-09
2.09650493617e-09
1.97711690592e-09
1.89959972141e-09
1.85553587503e-09
1.83502919213e-09
1.82809105969e-09
7.1156835403e-09
5.89864937048e-09
4.95320996997e-09
4.21037753243e-09
3.62207596688e-09
3.15437334978e-09
2.78309665397e-09
2.49089609804e-09
2.26517430018e-09
2.09648197653e-09
1.97708953326e-09
1.89956799479e-09
1.85550023627e-09
1.83499053584e-09
1.82805069961e-09
7.11568257512e-09
5.89864782655e-09
4.95320758781e-09
4.21037401667e-09
3.62207098446e-09
3.15436653451e-09
2.78308761779e-09
2.49088445012e-09
2.26515967598e-09
2.09646408066e-09
1.977068201e-09
1.89954327286e-09
1.85547246917e-09
1.8349604203e-09
1.82801925827e-09
7.11568183537e-09
5.89864663288e-09
4.95320573751e-09
4.21037128007e-09
3.62206710257e-09
3.15436122245e-09
2.78308057366e-09
2.49087536995e-09
2.2651482764e-09
2.09645013223e-09
1.97705157589e-09
1.89952400799e-09
1.85545083318e-09
1.83493695594e-09
1.8279947618e-09
7.1156812697e-09
5.89864571067e-09
4.95320430135e-09
4.21036915133e-09
3.62206407957e-09
3.15435708354e-09
2.7830750839e-09
2.49086829286e-09
2.26513939149e-09
2.09643926109e-09
1.97703861934e-09
1.89950899509e-09
1.85543397357e-09
1.83491867246e-09
1.82797567462e-09
7.11568083804e-09
5.8986449987e-09
4.95320318725e-09
4.21036749612e-09
3.62206172638e-09
3.1543538597e-09
2.7830708065e-09
2.49086277781e-09
2.26513246725e-09
2.09643078879e-09
1.97702852211e-09
1.89949729567e-09
1.85542083542e-09
1.8349044252e-09
1.82796080137e-09
7.1156805076e-09
5.89864444905e-09
4.95320232312e-09
4.21036620947e-09
3.62205989496e-09
3.15435134911e-09
2.78306747436e-09
2.49085848066e-09
2.26512707155e-09
2.09642418652e-09
1.97702065335e-09
1.89948817845e-09
1.85541059721e-09
1.83489332286e-09
1.8279492114e-09
7.11568025452e-09
5.89864402465e-09
4.95320165321e-09
4.21036520953e-09
3.62205847001e-09
3.15434939441e-09
2.78306487893e-09
2.49085513292e-09
2.26512286737e-09
2.09641904187e-09
1.97701452163e-09
1.89948107376e-09
1.85540261897e-09
1.83488467127e-09
1.82794017986e-09
7.11568006115e-09
5.89864369691e-09
4.95320113373e-09
4.21036443274e-09
3.62205736158e-09
3.15434787281e-09
2.78306285764e-09
2.49085252506e-09
2.26511959195e-09
2.09641503334e-09
1.97700974371e-09
1.89947553757e-09
1.85539640197e-09
1.83487792957e-09
1.82793314204e-09
7.11567991526e-09
5.89864344429e-09
4.95320073108e-09
4.21036382922e-09
3.62205649954e-09
3.15434668856e-09
2.78306128392e-09
2.49085049391e-09
2.26511704032e-09
2.09641191023e-09
1.97700602094e-09
1.89947122375e-09
1.85539155759e-09
1.83487267624e-09
1.82792765801e-09
7.11567980237e-09
5.89864324936e-09
4.95320041916e-09
4.21036336062e-09
3.62205582918e-09
3.15434576694e-09
2.78306005858e-09
2.49084891208e-09
2.26511505274e-09
2.09640947722e-09
1.97700312048e-09
1.89946786267e-09
1.85538778299e-09
1.83486858291e-09
1.82792338482e-09
7.11567971689e-09
5.89864309897e-09
4.95320017759e-09
4.21036299676e-09
3.62205530803e-09
3.15434504993e-09
2.78305910476e-09
2.49084768033e-09
2.26511350477e-09
2.096407582e-09
1.97700086094e-09
1.89946524402e-09
1.85538484205e-09
1.83486539362e-09
1.82792005537e-09
7.11567965342e-09
5.89864298437e-09
4.95319999111e-09
4.21036271463e-09
3.62205490314e-09
3.15434449222e-09
2.78305836246e-09
2.49084672133e-09
2.26511229923e-09
2.09640610582e-09
1.9769991008e-09
1.89946320406e-09
1.85538255087e-09
1.83486290881e-09
1.82791746137e-09
7.11567960617e-09
5.89864289692e-09
4.95319984723e-09
4.2103624961e-09
3.62205458866e-09
3.15434405865e-09
2.78305778487e-09
2.49084597486e-09
2.26511136055e-09
2.09640495617e-09
1.97699772978e-09
1.89946161492e-09
1.85538076598e-09
1.83486097308e-09
1.82791544046e-09
7.11567957189e-09
5.8986428303e-09
4.95319973653e-09
4.2103623269e-09
3.62205434468e-09
3.15434372169e-09
2.78305733563e-09
2.49084539389e-09
2.26511062976e-09
2.09640406093e-09
1.97699666205e-09
1.89946037722e-09
1.85537937566e-09
1.83485946514e-09
1.8279138662e-09
7.1156795432e-09
5.89864277917e-09
4.95319965148e-09
4.21036219622e-09
3.62205415559e-09
3.15434345998e-09
2.78305698636e-09
2.4908449419e-09
2.26511006098e-09
2.09640336392e-09
1.97699583063e-09
1.89945941326e-09
1.8553782928e-09
1.83485829064e-09
1.82791263995e-09
7.11567952557e-09
5.89864274144e-09
4.95319958649e-09
4.21036209548e-09
3.62205400917e-09
3.15434325691e-09
2.78305671498e-09
2.49084459042e-09
2.26510961843e-09
2.09640282144e-09
1.97699518333e-09
1.89945866269e-09
1.85537744955e-09
1.83485737598e-09
1.82791168502e-09
7.11567951238e-09
5.89864271338e-09
4.95319953719e-09
4.21036201804e-09
3.62205389602e-09
3.15434309947e-09
2.78305650419e-09
2.49084431716e-09
2.26510927418e-09
2.09640239929e-09
1.97699467946e-09
1.89945807835e-09
1.85537679297e-09
1.83485666375e-09
1.82791094139e-09
7.11567950173e-09
5.89864269266e-09
4.9531994998e-09
4.21036195874e-09
3.62205380875e-09
3.15434297759e-09
2.78305634068e-09
2.4908441049e-09
2.26510900652e-09
2.09640207092e-09
1.97699428738e-09
1.89945762354e-09
1.85537628187e-09
1.83485610925e-09
1.82791036241e-09
7.11567949837e-09
5.89864267838e-09
4.95319947203e-09
4.21036191359e-09
3.62205374164e-09
3.15434288342e-09
2.783056214e-09
2.49084394016e-09
2.26510879855e-09
2.09640181557e-09
1.97699398239e-09
1.89945726961e-09
1.85537588408e-09
1.83485567771e-09
1.82790991178e-09
7.11567949875e-09
5.89864266884e-09
4.95319945159e-09
4.21036187934e-09
3.62205369021e-09
3.15434281084e-09
2.78305611599e-09
2.49084381242e-09
2.26510863711e-09
2.09640161717e-09
1.97699374526e-09
1.89945699439e-09
1.85537557463e-09
1.83485534189e-09
1.82790956115e-09
7.11567949987e-09
5.89864266268e-09
4.95319943686e-09
4.21036185384e-09
3.62205365115e-09
3.15434275508e-09
2.78305604034e-09
2.49084371355e-09
2.2651085119e-09
2.09640146312e-09
1.97699356101e-09
1.89945678038e-09
1.855375334e-09
1.83485508073e-09
1.82790928837e-09
7.11567950197e-09
5.89864265937e-09
4.95319942671e-09
4.21036183496e-09
3.62205362145e-09
3.15434271236e-09
2.78305598203e-09
2.49084363712e-09
2.26510841487e-09
2.09640134357e-09
1.9769934179e-09
1.89945661413e-09
1.85537514691e-09
1.83485487766e-09
1.82790907628e-09
7.11567950588e-09
5.89864265824e-09
4.95319942e-09
4.21036182138e-09
3.62205359941e-09
3.15434267999e-09
2.78305593735e-09
2.49084357811e-09
2.26510833979e-09
2.09640125091e-09
1.97699330689e-09
1.89945648503e-09
1.85537500167e-09
1.83485471991e-09
1.82790891152e-09
7.11567950876e-09
5.89864265825e-09
4.9531994158e-09
4.21036181178e-09
3.62205358305e-09
3.15434265541e-09
2.78305590316e-09
2.49084353277e-09
2.26510828189e-09
2.09640117931e-09
1.97699322088e-09
1.89945638489e-09
1.85537488892e-09
1.83485459745e-09
1.82790878358e-09
7.11567951182e-09
5.89864265965e-09
4.95319941371e-09
4.21036180526e-09
3.62205357111e-09
3.15434263707e-09
2.78305587721e-09
2.49084349809e-09
2.26510823734e-09
2.096401124e-09
1.97699315439e-09
1.8994563074e-09
1.85537480155e-09
1.83485450253e-09
1.8279086844e-09
7.11567951638e-09
5.89864266212e-09
4.95319941326e-09
4.21036180111e-09
3.62205356265e-09
3.15434262355e-09
2.78305585769e-09
2.49084347168e-09
2.2651082032e-09
2.09640108146e-09
1.97699310308e-09
1.89945624751e-09
1.85537473396e-09
1.83485442899e-09
1.82790860749e-09
7.11567952319e-09
5.89864266555e-09
4.95319941405e-09
4.21036179897e-09
3.622053557e-09
3.15434261381e-09
2.78305584322e-09
2.49084345172e-09
2.26510817714e-09
2.09640104881e-09
1.97699306359e-09
1.89945620131e-09
1.85537468175e-09
1.83485437215e-09
1.82790854807e-09
7.11567953059e-09
5.89864266984e-09
4.95319941592e-09
4.21036179824e-09
3.62205355344e-09
3.15434260696e-09
2.78305583257e-09
2.49084343678e-09
2.26510815739e-09
2.09640102392e-09
1.97699303328e-09
1.89945616575e-09
1.85537464151e-09
1.83485432835e-09
1.82790850222e-09
7.11567953555e-09
5.89864267445e-09
4.95319941859e-09
4.2103617988e-09
3.62205355156e-09
3.15434260232e-09
2.78305582493e-09
2.49084342572e-09
2.26510814252e-09
2.09640100494e-09
1.97699301015e-09
1.89945613852e-09
1.85537461064e-09
1.83485429464e-09
1.82790846694e-09
7.11567954152e-09
5.89864267973e-09
4.95319942209e-09
4.2103618003e-09
3.62205355106e-09
3.15434259957e-09
2.78305581961e-09
2.49084341772e-09
2.26510813159e-09
2.09640099073e-09
1.97699299258e-09
1.89945611774e-09
1.85537458701e-09
1.83485426883e-09
1.8279084399e-09
7.11567954988e-09
5.8986426857e-09
4.95319942609e-09
4.21036180263e-09
3.62205355162e-09
3.15434259821e-09
2.78305581624e-09
2.49084341207e-09
2.26510812352e-09
2.09640098018e-09
1.97699297941e-09
1.89945610206e-09
1.85537456907e-09
1.83485424918e-09
1.82790841927e-09
7.11567955762e-09
5.89864269154e-09
4.95319943052e-09
4.21036180545e-09
3.62205355286e-09
3.15434259793e-09
2.78305581424e-09
2.49084340823e-09
2.26510811782e-09
2.09640097242e-09
1.97699296964e-09
1.89945609024e-09
1.85537455552e-09
1.8348542343e-09
1.82790840366e-09
7.11567956668e-09
5.89864269758e-09
4.95319943497e-09
4.21036180868e-09
3.62205355479e-09
3.15434259854e-09
2.78305581346e-09
2.490843406e-09
2.26510811389e-09
2.09640096693e-09
1.97699296253e-09
1.89945608159e-09
1.85537454543e-09
1.83485422315e-09
1.82790839195e-09
7.11567957688e-09
5.89864270402e-09
4.95319943975e-09
4.21036181229e-09
3.62205355729e-09
3.15434259983e-09
2.78305581349e-09
2.49084340477e-09
2.26510811143e-09
2.09640096313e-09
1.97699295745e-09
1.89945607526e-09
1.85537453808e-09
1.83485421498e-09
1.82790838331e-09
7.11567958712e-09
5.89864271019e-09
4.95319944464e-09
4.21036181607e-09
3.62205356002e-09
3.15434260161e-09
2.78305581428e-09
2.49084340456e-09
2.26510811009e-09
2.09640096073e-09
1.97699295396e-09
1.89945607081e-09
1.85537453275e-09
1.83485420901e-09
1.82790837699e-09
7.1156795968e-09
5.89864271649e-09
4.95319944955e-09
4.21036181999e-09
3.62205356308e-09
3.15434260378e-09
2.78305581554e-09
2.49084340492e-09
2.26510810961e-09
2.09640095937e-09
1.97699295175e-09
1.89945606777e-09
1.85537452909e-09
1.83485420485e-09
1.82790837251e-09
7.11567960258e-09
5.89864272222e-09
4.9531994545e-09
4.2103618241e-09
3.6220535663e-09
3.1543426062e-09
2.78305581724e-09
2.4908434058e-09
2.26510810981e-09
2.09640095884e-09
1.97699295054e-09
1.8994560659e-09
1.85537452657e-09
1.83485420193e-09
1.82790836942e-09
7.11567960941e-09
5.89864272828e-09
4.95319945972e-09
4.21036182833e-09
3.62205356967e-09
3.1543426088e-09
2.78305581917e-09
2.49084340715e-09
2.26510811052e-09
2.09640095894e-09
1.97699295004e-09
1.89945606495e-09
1.85537452519e-09
1.83485420023e-09
1.82790836752e-09
7.11567961859e-09
5.89864273496e-09
4.95319946504e-09
4.21036183268e-09
3.62205357326e-09
3.15434261167e-09
2.78305582144e-09
2.49084340879e-09
2.26510811162e-09
2.09640095954e-09
1.97699295016e-09
1.89945606459e-09
1.85537452452e-09
1.83485419934e-09
1.82790836648e-09
7.11567962636e-09
5.89864274134e-09
4.95319947044e-09
4.21036183714e-09
3.62205357691e-09
3.15434261462e-09
2.78305582382e-09
2.49084341071e-09
2.26510811307e-09
2.09640096055e-09
1.97699295077e-09
1.89945606489e-09
1.85537452454e-09
1.83485419911e-09
1.82790836615e-09
7.11567963449e-09
5.89864274805e-09
4.95319947586e-09
4.21036184165e-09
3.62205358068e-09
3.15434261778e-09
2.78305582642e-09
2.49084341281e-09
2.26510811476e-09
2.09640096186e-09
1.97699295176e-09
1.89945606557e-09
1.85537452499e-09
1.83485419939e-09
1.82790836635e-09
7.1156796426e-09
5.89864275474e-09
4.95319948141e-09
4.21036184625e-09
3.62205358445e-09
3.154342621e-09
2.78305582912e-09
2.49084341505e-09
2.2651081166e-09
2.09640096339e-09
1.976992953e-09
1.89945606662e-09
1.8553745258e-09
1.83485420006e-09
1.82790836693e-09
7.11567965096e-09
5.89864276145e-09
4.95319948696e-09
4.21036185087e-09
3.62205358832e-09
3.15434262428e-09
2.78305583188e-09
2.49084341746e-09
2.26510811863e-09
2.09640096507e-09
1.97699295444e-09
1.89945606785e-09
1.85537452689e-09
1.83485420104e-09
1.82790836785e-09
7.11567965609e-09
5.89864276757e-09
4.95319949238e-09
4.21036185547e-09
3.62205359228e-09
3.1543426276e-09
2.78305583472e-09
2.49084341987e-09
2.26510812073e-09
2.09640096691e-09
1.97699295605e-09
1.89945606925e-09
1.85537452816e-09
1.8348542022e-09
1.827908369e-09
7.11567966424e-09
5.89864277402e-09
4.95319949772e-09
4.21036186006e-09
3.62205359617e-09
3.15434263091e-09
2.78305583759e-09
2.4908434224e-09
2.26510812291e-09
2.09640096887e-09
1.97699295776e-09
1.89945607078e-09
1.85537452961e-09
1.8348542036e-09
1.82790837035e-09
7.11567967561e-09
5.89864278103e-09
4.95319950313e-09
4.21036186459e-09
3.62205360007e-09
3.15434263434e-09
2.78305584053e-09
2.49084342498e-09
2.26510812515e-09
2.09640097087e-09
1.97699295958e-09
1.89945607247e-09
1.85537453117e-09
1.83485420512e-09
1.82790837186e-09
7.11567968371e-09
5.8986427873e-09
4.95319950838e-09
4.2103618691e-09
3.622053604e-09
3.15434263772e-09
2.78305584349e-09
2.4908434275e-09
2.26510812749e-09
2.09640097295e-09
1.97699296154e-09
1.89945607425e-09
1.85537453288e-09
1.83485420675e-09
1.82790837343e-09
7.11567968849e-09
5.89864279312e-09
4.95319951364e-09
4.21036187367e-09
3.62205360794e-09
3.15434264118e-09
2.78305584652e-09
2.49084343018e-09
2.26510812985e-09
2.09640097506e-09
1.97699296344e-09
1.89945607608e-09
1.85537453459e-09
1.83485420846e-09
1.82790837513e-09
7.11567969313e-09
5.89864279916e-09
4.95319951906e-09
4.21036187825e-09
3.62205361187e-09
3.15434264454e-09
2.78305584945e-09
2.4908434328e-09
2.26510813221e-09
2.09640097722e-09
1.97699296546e-09
1.89945607798e-09
1.85537453645e-09
1.83485421024e-09
1.82790837691e-09
7.11567970137e-09
5.89864280602e-09
4.95319952465e-09
4.21036188294e-09
3.62205361589e-09
3.15434264804e-09
2.78305585245e-09
2.49084343549e-09
2.26510813458e-09
2.09640097942e-09
1.97699296747e-09
1.89945607991e-09
1.8553745383e-09
1.83485421208e-09
1.82790837871e-09
7.11567970998e-09
5.89864281263e-09
4.95319953031e-09
4.21036188771e-09
3.62205361993e-09
3.15434265146e-09
2.78305585552e-09
2.49084343816e-09
2.26510813699e-09
2.09640098159e-09
1.97699296952e-09
1.89945608183e-09
1.8553745402e-09
1.83485421393e-09
1.82790838053e-09
7.1156797208e-09
5.89864281955e-09
4.95319953592e-09
4.21036189246e-09
3.6220536239e-09
3.15434265492e-09
2.78305585856e-09
2.49084344086e-09
2.26510813938e-09
2.0964009838e-09
1.97699297158e-09
1.89945608377e-09
1.85537454202e-09
1.83485421578e-09
1.82790838238e-09
7.11567972861e-09
5.89864282637e-09
4.95319954154e-09
4.21036189722e-09
3.62205362794e-09
3.15434265832e-09
2.78305586153e-09
2.4908434435e-09
2.26510814179e-09
2.09640098594e-09
1.97699297357e-09
1.89945608569e-09
1.85537454392e-09
1.83485421758e-09
1.8279083842e-09
7.11567973507e-09
5.89864283286e-09
4.95319954708e-09
4.2103619018e-09
3.62205363193e-09
3.15434266179e-09
2.78305586452e-09
2.49084344609e-09
2.26510814409e-09
2.09640098801e-09
1.97699297548e-09
1.89945608752e-09
1.85537454569e-09
1.83485421932e-09
1.82790838591e-09
7.11567974359e-09
5.89864283927e-09
4.95319955219e-09
4.21036190617e-09
3.62205363568e-09
3.15434266502e-09
2.78305586729e-09
2.4908434485e-09
2.26510814622e-09
2.09640098999e-09
1.97699297728e-09
1.89945608921e-09
1.85537454728e-09
1.83485422087e-09
1.82790838747e-09
7.11567975127e-09
5.89864284557e-09
4.95319955728e-09
4.21036191028e-09
3.62205363903e-09
3.15434266793e-09
2.78305586972e-09
2.49084345064e-09
2.26510814813e-09
2.09640099168e-09
1.97699297886e-09
1.89945609072e-09
1.85537454874e-09
1.83485422231e-09
1.82790838886e-09
7.1156797579e-09
5.89864285153e-09
4.9531995619e-09
4.21036191379e-09
3.62205364186e-09
3.1543426702e-09
2.78305587166e-09
2.4908434523e-09
2.26510814958e-09
2.09640099303e-09
1.97699298009e-09
1.89945609184e-09
1.85537454982e-09
1.83485422341e-09
1.82790838996e-09
7.11567976456e-09
5.89864285613e-09
4.95319956507e-09
4.21036191604e-09
3.62205364347e-09
3.15434267151e-09
2.78305587278e-09
2.49084345325e-09
2.2651081504e-09
2.09640099376e-09
1.97699298077e-09
1.89945609244e-09
1.85537455043e-09
1.83485422403e-09
1.82790839059e-09
1.95617111312e-08
1.79675115061e-08
1.52774040212e-08
1.21824847978e-08
9.25061920352e-09
6.80047011724e-09
4.93461939236e-09
3.62626983069e-09
2.79734865655e-09
2.37518098339e-09
2.33735132644e-09
2.76613396082e-09
3.95181413058e-09
6.62804708066e-09
1.24402271282e-08
6.53076412066e-09
5.99793429124e-09
5.15517126715e-09
4.26940226354e-09
3.51472805479e-09
2.96157785884e-09
2.6224331853e-09
2.49434042864e-09
2.58554818856e-09
2.93299218861e-09
3.6192659391e-09
4.79468715096e-09
6.70400639295e-09
9.73542305386e-09
1.44608176607e-08
3.94350374841e-09
3.70816500777e-09
3.34168141013e-09
2.97095854066e-09
2.68302230641e-09
2.52007573642e-09
2.50038148124e-09
2.63865549014e-09
2.95835046377e-09
3.49537222152e-09
4.30509665287e-09
5.47018670793e-09
7.13187977702e-09
9.39473794981e-09
1.23735452796e-08
3.00483520852e-09
2.88966284388e-09
2.7148613863e-09
2.55107951064e-09
2.45107191715e-09
2.44775679229e-09
2.55641919795e-09
2.79105541623e-09
3.16939502214e-09
3.73131426879e-09
4.50358255686e-09
5.53240005169e-09
6.84175399818e-09
8.53873599876e-09
1.07215974419e-08
2.58393405499e-09
2.52751977048e-09
2.4470769972e-09
2.38565146553e-09
2.3777821426e-09
2.44695144454e-09
2.60938564115e-09
2.87834334268e-09
3.26852730197e-09
3.78445149287e-09
4.45835576585e-09
5.31513679967e-09
6.38926814894e-09
7.73943692835e-09
9.4502700592e-09
2.36940233118e-09
2.34236995578e-09
2.30973500156e-09
2.30121727768e-09
2.34274852153e-09
2.44830327441e-09
2.63045561704e-09
2.89889272002e-09
3.26307483928e-09
3.73380615649e-09
4.32814764792e-09
5.06892874634e-09
5.99014053196e-09
7.14520429244e-09
8.61739032247e-09
2.25521677868e-09
2.24488140532e-09
2.238798078e-09
2.25766331481e-09
2.31984666563e-09
2.4382211917e-09
2.62207772224e-09
2.8790691751e-09
3.21725473273e-09
3.6470476432e-09
4.18357580924e-09
4.84925457296e-09
5.67805642518e-09
6.72187658599e-09
8.05935638706e-09
2.18744832698e-09
2.18561186624e-09
2.19271980414e-09
2.22443182121e-09
2.2951931896e-09
2.41583573793e-09
2.59435442864e-09
2.83772015458e-09
3.15378451299e-09
3.55316462205e-09
4.05137211308e-09
4.67151546214e-09
5.4481032462e-09
6.43253298821e-09
7.70101076201e-09
2.1412568653e-09
2.14344939402e-09
2.15651081207e-09
2.1932899755e-09
2.26602410193e-09
2.38432395713e-09
2.55568869126e-09
2.78708887362e-09
3.08673831959e-09
3.46588840389e-09
3.94082526574e-09
4.53536963366e-09
5.28427896679e-09
6.23812698511e-09
7.47049153079e-09
2.1044711478e-09
2.10828580275e-09
2.12347044188e-09
2.16138256934e-09
2.23312127263e-09
2.34774990097e-09
2.51271402397e-09
2.73527344606e-09
3.02415778303e-09
3.39125686703e-09
3.85348485458e-09
4.43509451492e-09
5.17083233371e-09
6.11052769066e-09
7.32602616724e-09
2.07146372067e-09
2.0757065346e-09
2.09120547153e-09
2.12861457718e-09
2.19854144593e-09
2.30989882297e-09
2.47027327979e-09
2.68726160005e-09
2.97003627195e-09
3.33094657443e-09
3.78727999782e-09
4.36345618316e-09
5.09404827842e-09
6.02822911555e-09
7.23657109882e-09
2.04013925558e-09
2.04432957914e-09
2.05951032332e-09
2.09607438021e-09
2.1644841664e-09
2.27368058089e-09
2.43142506451e-09
2.64558023232e-09
2.92561555165e-09
3.2841471016e-09
3.73863512375e-09
4.31351406984e-09
5.04315409392e-09
5.97625134677e-09
7.18258361787e-09
2.0102033014e-09
2.01424933662e-09
2.02909586897e-09
2.06509125624e-09
2.13270157856e-09
2.24093951574e-09
2.39769725052e-09
2.61100097698e-09
2.89048279497e-09
3.24888423914e-09
3.70371924498e-09
4.27937516408e-09
5.01005320935e-09
5.9441444573e-09
7.15098168205e-09
1.98210961093e-09
1.98609503135e-09
2.00084458764e-09
2.03674206316e-09
2.10429320198e-09
2.21256103812e-09
2.36950370947e-09
2.58322236611e-09
2.86341662071e-09
3.2228680936e-09
3.67908552428e-09
4.2563934421e-09
4.98886635215e-09
5.92470169015e-09
7.13297032496e-09
1.95645154351e-09
1.96050844675e-09
1.97544116933e-09
2.01167769936e-09
2.07974751418e-09
2.18872295153e-09
2.34657143962e-09
2.56140740937e-09
2.84294064741e-09
3.20394861292e-09
3.6619121429e-09
4.24109933197e-09
4.97549958439e-09
5.9131989149e-09
7.12313416828e-09
1.93367777749e-09
1.93791907346e-09
1.95325521072e-09
1.99013948367e-09
2.0590939704e-09
2.16916225053e-09
2.32828142814e-09
2.54454241105e-09
2.82763519361e-09
3.19031407634e-09
3.65002786801e-09
4.23100206563e-09
4.96717485414e-09
5.90657650479e-09
7.11808874005e-09
1.91403190561e-09
1.91850690318e-09
1.93436266908e-09
1.97205583956e-09
2.04206931816e-09
2.15338851294e-09
2.31389586597e-09
2.53163971669e-09
2.81627726748e-09
3.18053421435e-09
3.64183096086e-09
4.22436394781e-09
4.96204356207e-09
5.90287701526e-09
7.11573118138e-09
1.89772390019e-09
1.90224104053e-09
1.91859849848e-09
1.95713858725e-09
2.0282477311e-09
2.14082594417e-09
2.30268746369e-09
2.52183085803e-09
2.80787753896e-09
3.1735258934e-09
3.63617399436e-09
4.22000010478e-09
4.95890187297e-09
5.9008817597e-09
7.11481250619e-09
1.88314766392e-09
1.8883171252e-09
1.90544065762e-09
1.94492098179e-09
2.01712441587e-09
2.130898541e-09
2.29400405951e-09
2.51439697217e-09
2.80166769521e-09
3.16849230325e-09
3.63225296169e-09
4.21711793745e-09
4.95698152691e-09
5.8998511685e-09
7.11461493329e-09
1.87135153461e-09
1.87691297489e-09
1.8947065284e-09
1.93505612695e-09
2.0082612107e-09
2.12310735773e-09
2.28730410828e-09
2.50876975572e-09
2.7970686648e-09
3.16485958443e-09
3.62951404515e-09
4.21519568105e-09
4.95580062463e-09
5.89934589376e-09
7.11473888331e-09
1.86149709528e-09
1.86760942337e-09
1.88605765363e-09
1.92718801165e-09
2.00126755953e-09
2.11703395732e-09
2.28215350292e-09
2.50451235611e-09
2.79365323174e-09
3.16222141858e-09
3.62758145336e-09
4.21389566401e-09
4.95506462532e-09
5.89911526034e-09
7.1149701622e-09
1.85463956032e-09
1.86064730035e-09
1.87939426638e-09
1.92106998423e-09
1.99583271352e-09
2.11234234412e-09
2.27821201263e-09
2.50129361063e-09
2.7911089295e-09
3.16029141418e-09
3.6262002939e-09
4.21299784642e-09
4.95458970811e-09
5.89901233089e-09
7.1152041545e-09
1.84897465139e-09
1.85511168769e-09
1.8741654323e-09
1.91629938996e-09
1.99161804096e-09
2.10872764498e-09
2.27519961807e-09
2.49885755913e-09
2.78920580898e-09
3.15886822305e-09
3.62520021089e-09
4.21236481619e-09
4.95427173587e-09
5.89896652139e-09
7.11539949608e-09
1.84442781661e-09
1.85071326706e-09
1.87004908695e-09
1.91257212805e-09
1.98834727914e-09
2.10594136863e-09
2.27289446042e-09
2.49700853114e-09
2.78777452736e-09
3.15780909755e-09
3.62446507475e-09
4.21190657206e-09
4.95404775208e-09
5.89894073224e-09
7.11554531055e-09
1.84082233387e-09
1.84723952887e-09
1.8668159726e-09
1.90966167139e-09
1.98580823721e-09
2.10379127665e-09
2.27112662325e-09
2.49559976844e-09
2.78669161056e-09
3.15701359317e-09
3.62391698187e-09
4.21156717008e-09
4.95388192742e-09
5.89891889241e-09
7.11564508743e-09
1.83798290789e-09
1.84450989343e-09
1.86428434304e-09
1.90739230106e-09
1.98383749718e-09
2.1021303551e-09
2.26976765173e-09
2.49452217951e-09
2.78586728487e-09
3.15641068278e-09
3.62350275186e-09
4.21131018548e-09
4.95375364788e-09
5.89889527262e-09
7.11570750506e-09
1.83575683607e-09
1.84237295072e-09
1.86230717096e-09
1.90562532046e-09
1.98230823237e-09
2.10084609036e-09
2.26872062826e-09
2.49369479316e-09
2.7852362149e-09
3.15594991582e-09
3.62318579157e-09
4.21111170674e-09
4.95365101578e-09
5.89886896594e-09
7.11574213142e-09
1.83401706801e-09
1.84070449379e-09
1.86076606798e-09
1.90425103169e-09
1.98112172019e-09
2.09985218052e-09
2.26791230139e-09
2.49305738714e-09
2.78475072435e-09
3.15559538517e-09
3.62294104505e-09
4.21095662293e-09
4.95356733004e-09
5.89884101209e-09
7.1157575023e-09
1.8326603299e-09
1.83940427548e-09
1.85956652627e-09
1.90318295268e-09
1.98020111964e-09
2.09908230378e-09
2.26728710229e-09
2.49256488818e-09
2.78437563313e-09
3.15532097623e-09
3.62275050105e-09
4.21083399784e-09
4.95349822448e-09
5.89881329549e-09
7.1157604963e-09
1.83160387146e-09
1.83839232007e-09
1.85863369213e-09
1.90235319739e-09
1.97948670543e-09
2.09848544642e-09
2.26680275579e-09
2.49218340915e-09
2.78408484354e-09
3.15510763763e-09
3.62260135438e-09
4.21073649618e-09
4.9534410283e-09
5.89878642731e-09
7.11575607475e-09
1.83078203292e-09
1.83760535783e-09
1.85790864866e-09
1.90170868238e-09
1.97893212456e-09
2.09802233738e-09
2.26642699751e-09
2.49188732137e-09
2.78385880507e-09
3.1549412373e-09
3.62248419629e-09
4.21065875815e-09
4.95339382926e-09
5.89876202745e-09
7.11574783392e-09
1.83014307754e-09
1.83699364197e-09
1.85734524288e-09
1.90120802539e-09
1.97850144405e-09
2.09766271927e-09
2.26613512768e-09
2.49165713222e-09
2.78368274023e-09
3.1548111474e-09
3.62239196039e-09
4.21059670894e-09
4.95335502333e-09
5.8987403778e-09
7.11573810763e-09
1.82964644585e-09
1.83651823422e-09
1.85690744802e-09
1.9008190389e-09
1.97816683013e-09
2.0973832592e-09
2.26590818641e-09
2.49147794533e-09
2.78354539965e-09
3.15470929708e-09
3.62231927614e-09
4.21054722277e-09
4.95332332501e-09
5.89872170662e-09
7.11572833614e-09
1.82926045745e-09
1.83614875566e-09
1.85656721267e-09
1.90051672565e-09
1.97790673064e-09
2.09716594621e-09
2.26573158258e-09
2.49133832634e-09
2.78343816148e-09
3.15462949545e-09
3.6222619971e-09
4.21050783013e-09
4.95329761182e-09
5.89870595881e-09
7.11571930996e-09
1.82896043183e-09
1.83586155955e-09
1.85630273308e-09
1.90028169135e-09
1.97770445759e-09
2.09699686202e-09
2.26559405977e-09
2.49122946363e-09
2.78335437942e-09
3.15456695493e-09
3.62221688501e-09
4.21047654976e-09
4.9532768959e-09
5.8986929153e-09
7.11571139771e-09
1.82872717622e-09
1.83563826772e-09
1.85609708014e-09
1.90009889593e-09
1.97754708636e-09
2.0968652392e-09
2.26548691638e-09
2.49114454439e-09
2.78328890587e-09
3.15451794942e-09
3.62218139159e-09
4.21045177987e-09
4.95326031482e-09
5.89868227458e-09
7.11570471467e-09
1.82854578225e-09
1.8354646102e-09
1.8559371172e-09
1.899956677e-09
1.97742460116e-09
2.09676273712e-09
2.26540341102e-09
2.49107828552e-09
2.7832377386e-09
3.15447956587e-09
3.62215350097e-09
4.21043222129e-09
4.95324712315e-09
5.8986737047e-09
7.11569922477e-09
1.82840467674e-09
1.83532951189e-09
1.8558126524e-09
1.89984598963e-09
1.97732923595e-09
2.09668288772e-09
2.26533831253e-09
2.49102658095e-09
2.78319775768e-09
3.15444951968e-09
3.62213161475e-09
4.21041682057e-09
4.95323668471e-09
5.8986668756e-09
7.11569480958e-09
1.82829487799e-09
1.83522437852e-09
1.85571577792e-09
1.89975981648e-09
1.97725496475e-09
2.09662067023e-09
2.26528755629e-09
2.49098623422e-09
2.78316652575e-09
3.15442601623e-09
3.62211446399e-09
4.21040472473e-09
4.95322846326e-09
5.8986614793e-09
7.1156913103e-09
1.82820941508e-09
1.83514254018e-09
1.85564035645e-09
1.8996927105e-09
1.97719710843e-09
2.09657218309e-09
2.26524797994e-09
2.49095475334e-09
2.78314213666e-09
3.15440764395e-09
3.62210104178e-09
4.21039524632e-09
4.95322201303e-09
5.8986572436e-09
7.11568856964e-09
1.82814287648e-09
1.8350788186e-09
1.85558162277e-09
1.89964044134e-09
1.97715203125e-09
2.09653439221e-09
2.26521712069e-09
2.49093019382e-09
2.78312309828e-09
3.1543932928e-09
3.62209055024e-09
4.21038783342e-09
4.9532169684e-09
5.8986539362e-09
7.11568644125e-09
1.82809105972e-09
1.83502919218e-09
1.85553587507e-09
1.89959972149e-09
1.97711690601e-09
2.09650493629e-09
2.26519305955e-09
2.49091103732e-09
2.7831082423e-09
3.15438208989e-09
3.62208235797e-09
4.21038204546e-09
4.95321303316e-09
5.89865136394e-09
7.11568480172e-09
1.82805069962e-09
1.83499053587e-09
1.85550023634e-09
1.89956799489e-09
1.97708953332e-09
2.09648197664e-09
2.26517430032e-09
2.49089609818e-09
2.78309665409e-09
3.15437334982e-09
3.62207596673e-09
4.2103775321e-09
4.95320996923e-09
5.8986493693e-09
7.11568354113e-09
1.82801925826e-09
1.83496042032e-09
1.85547246923e-09
1.89954327292e-09
1.97706820107e-09
2.09646408074e-09
2.26515967605e-09
2.4908844502e-09
2.78308761786e-09
3.15436653458e-09
3.62207098448e-09
4.2103740164e-09
4.95320758719e-09
5.8986478254e-09
7.11568257353e-09
1.8279947618e-09
1.83493695594e-09
1.85545083319e-09
1.89952400803e-09
1.97705157594e-09
2.09645013229e-09
2.26514827651e-09
2.49087537009e-09
2.78308057379e-09
3.15436122252e-09
3.62206710257e-09
4.21037127991e-09
4.95320573711e-09
5.89864663231e-09
7.1156818359e-09
1.82797567461e-09
1.83491867241e-09
1.85543397355e-09
1.89950899512e-09
1.97703861939e-09
2.09643926111e-09
2.26513939158e-09
2.49086829299e-09
2.783075084e-09
3.15435708361e-09
3.62206407959e-09
4.21036915111e-09
4.9532043007e-09
5.89864570937e-09
7.11568126834e-09
1.82796080138e-09
1.83490442515e-09
1.85542083541e-09
1.89949729567e-09
1.97702852211e-09
2.0964307889e-09
2.26513246736e-09
2.49086277793e-09
2.78307080657e-09
3.15435385971e-09
3.62206172624e-09
4.21036749572e-09
4.95320318634e-09
5.89864499676e-09
7.11568083381e-09
1.82794921139e-09
1.83489332284e-09
1.85541059724e-09
1.89948817853e-09
1.97702065343e-09
2.09642418663e-09
2.26512707169e-09
2.49085848078e-09
2.7830674744e-09
3.15435134909e-09
3.62205989475e-09
4.21036620906e-09
4.95320232242e-09
5.89864444762e-09
7.11568050435e-09
1.82794017983e-09
1.8348846713e-09
1.85540261902e-09
1.89948107384e-09
1.97701452168e-09
2.09641904198e-09
2.26512286749e-09
2.490855133e-09
2.78306487898e-09
3.15434939435e-09
3.62205846979e-09
4.21036520916e-09
4.9532016525e-09
5.89864402328e-09
7.115680251e-09
1.82793314206e-09
1.83487792959e-09
1.85539640205e-09
1.89947553763e-09
1.97700974376e-09
2.09641503338e-09
2.26511959198e-09
2.49085252508e-09
2.78306285764e-09
3.15434787269e-09
3.62205736128e-09
4.21036443225e-09
4.953201133e-09
5.89864369598e-09
7.11568005845e-09
1.82792765803e-09
1.83487267628e-09
1.85539155764e-09
1.8994712238e-09
1.97700602099e-09
2.09641191025e-09
2.26511704034e-09
2.49085049394e-09
2.78306128378e-09
3.15434668834e-09
3.62205649923e-09
4.21036382886e-09
4.95320073075e-09
5.89864344394e-09
7.11567991301e-09
1.82792338485e-09
1.83486858296e-09
1.855387783e-09
1.89946786272e-09
1.97700312061e-09
2.09640947731e-09
2.26511505281e-09
2.49084891212e-09
2.78306005853e-09
3.15434576682e-09
3.6220558289e-09
4.21036336033e-09
4.95320041925e-09
5.8986432497e-09
7.11567980085e-09
1.82792005539e-09
1.83486539363e-09
1.85538484209e-09
1.89946524409e-09
1.97700086106e-09
2.09640758205e-09
2.26511350481e-09
2.49084768036e-09
2.78305910477e-09
3.15434504991e-09
3.62205530801e-09
4.21036299692e-09
4.95320017819e-09
5.89864310031e-09
7.11567971657e-09
1.82791746138e-09
1.83486290886e-09
1.85538255091e-09
1.89946320409e-09
1.97699910087e-09
2.09640610589e-09
2.26511229933e-09
2.49084672141e-09
2.7830583625e-09
3.15434449229e-09
3.62205490322e-09
4.21036271494e-09
4.95319999169e-09
5.89864298557e-09
7.11567965453e-09
1.82791544049e-09
1.8348609731e-09
1.85538076605e-09
1.89946161499e-09
1.97699772985e-09
2.09640495621e-09
2.26511136062e-09
2.49084597492e-09
2.78305778499e-09
3.15434405871e-09
3.62205458882e-09
4.2103624964e-09
4.95319984799e-09
5.89864289813e-09
7.11567960939e-09
1.82791386619e-09
1.83485946517e-09
1.85537937568e-09
1.89946037725e-09
1.97699666211e-09
2.09640406096e-09
2.26511062985e-09
2.49084539394e-09
2.78305733572e-09
3.1543437218e-09
3.62205434488e-09
4.21036232725e-09
4.95319973734e-09
5.89864283165e-09
7.1156795739e-09
1.82791264001e-09
1.83485829065e-09
1.85537829283e-09
1.89945941333e-09
1.97699583066e-09
2.09640336399e-09
2.26511006103e-09
2.49084494193e-09
2.78305698641e-09
3.15434346004e-09
3.62205415577e-09
4.21036219659e-09
4.95319965213e-09
5.89864278062e-09
7.1156795467e-09
1.82791168503e-09
1.834857376e-09
1.85537744954e-09
1.8994586627e-09
1.97699518337e-09
2.09640282147e-09
2.26510961847e-09
2.49084459044e-09
2.78305671499e-09
3.154343257e-09
3.62205400938e-09
4.21036209575e-09
4.95319958705e-09
5.89864274248e-09
7.11567952874e-09
1.8279109414e-09
1.83485666376e-09
1.85537679298e-09
1.89945807835e-09
1.97699467951e-09
2.09640239933e-09
2.2651092742e-09
2.49084431719e-09
2.78305650425e-09
3.15434309956e-09
3.62205389616e-09
4.21036201822e-09
4.9531995374e-09
5.89864271364e-09
7.11567951276e-09
1.82791036242e-09
1.83485610924e-09
1.85537628183e-09
1.8994576235e-09
1.97699428738e-09
2.09640207091e-09
2.26510900656e-09
2.49084410495e-09
2.78305634076e-09
3.1543429777e-09
3.62205380882e-09
4.21036195884e-09
4.95319949994e-09
5.89864269253e-09
7.11567950172e-09
1.82790991176e-09
1.83485567767e-09
1.85537588409e-09
1.89945726962e-09
1.97699398239e-09
2.0964018156e-09
2.26510879858e-09
2.49084394023e-09
2.78305621408e-09
3.15434288352e-09
3.62205374174e-09
4.21036191367e-09
4.95319947209e-09
5.89864267811e-09
7.1156794973e-09
1.82790956112e-09
1.83485534189e-09
1.85537557462e-09
1.89945699437e-09
1.97699374523e-09
2.09640161712e-09
2.2651086371e-09
2.49084381244e-09
2.78305611601e-09
3.15434281092e-09
3.62205369037e-09
4.21036187962e-09
4.95319945187e-09
5.89864266905e-09
7.11567949709e-09
1.82790928834e-09
1.83485508069e-09
1.85537533397e-09
1.89945678035e-09
1.97699356096e-09
2.09640146309e-09
2.26510851184e-09
2.49084371352e-09
2.78305604037e-09
3.15434275522e-09
3.62205365127e-09
4.21036185407e-09
4.95319943718e-09
5.8986426627e-09
7.11567949743e-09
1.82790907625e-09
1.83485487764e-09
1.85537514694e-09
1.89945661411e-09
1.97699341791e-09
2.09640134356e-09
2.26510841482e-09
2.49084363706e-09
2.78305598205e-09
3.15434271251e-09
3.62205362162e-09
4.21036183513e-09
4.95319942671e-09
5.89864265882e-09
7.115679499e-09
1.82790891151e-09
1.83485471993e-09
1.85537500167e-09
1.89945648506e-09
1.97699330693e-09
2.09640125097e-09
2.26510833983e-09
2.49084357811e-09
2.78305593732e-09
3.15434267996e-09
3.62205359934e-09
4.21036182126e-09
4.95319941964e-09
5.89864265689e-09
7.11567950033e-09
1.8279087836e-09
1.83485459749e-09
1.85537488896e-09
1.89945638496e-09
1.97699322093e-09
2.09640117931e-09
2.26510828192e-09
2.49084353278e-09
2.78305590308e-09
3.1543426553e-09
3.62205358279e-09
4.21036181145e-09
4.95319941521e-09
5.89864265677e-09
7.11567950253e-09
1.82790868437e-09
1.8348545025e-09
1.85537480161e-09
1.89945630747e-09
1.97699315445e-09
2.09640112406e-09
2.26510823735e-09
2.49084349803e-09
2.78305587717e-09
3.15434263696e-09
3.62205357091e-09
4.21036180494e-09
4.95319941337e-09
5.89864265933e-09
7.1156795103e-09
1.82790860751e-09
1.83485442899e-09
1.85537473397e-09
1.89945624753e-09
1.97699310308e-09
2.09640108145e-09
2.26510820316e-09
2.4908434716e-09
2.78305585755e-09
3.15434262343e-09
3.62205356248e-09
4.21036180095e-09
4.95319941332e-09
5.89864266262e-09
7.11567951839e-09
1.82790854807e-09
1.83485437216e-09
1.85537468174e-09
1.89945620129e-09
1.97699306358e-09
2.09640104875e-09
2.26510817708e-09
2.49084345159e-09
2.78305584303e-09
3.15434261364e-09
3.62205355688e-09
4.21036179891e-09
4.95319941421e-09
5.89864266621e-09
7.11567952553e-09
1.82790850223e-09
1.83485432835e-09
1.8553746415e-09
1.89945616573e-09
1.97699303327e-09
2.09640102385e-09
2.26510815732e-09
2.49084343665e-09
2.78305583241e-09
3.15434260683e-09
3.62205355339e-09
4.21036179824e-09
4.95319941605e-09
5.8986426704e-09
7.11567953264e-09
1.82790846695e-09
1.83485429466e-09
1.85537461061e-09
1.89945613851e-09
1.97699301012e-09
2.09640100491e-09
2.26510814247e-09
2.49084342559e-09
2.78305582478e-09
3.15434260222e-09
3.62205355147e-09
4.21036179879e-09
4.95319941875e-09
5.89864267501e-09
7.1156795382e-09
1.82790843992e-09
1.83485426887e-09
1.85537458701e-09
1.89945611781e-09
1.97699299262e-09
2.09640099072e-09
2.26510813154e-09
2.49084341761e-09
2.78305581955e-09
3.15434259949e-09
3.62205355102e-09
4.21036180028e-09
4.95319942214e-09
5.89864268028e-09
7.11567954469e-09
1.8279084193e-09
1.83485424918e-09
1.85537456909e-09
1.8994561021e-09
1.97699297948e-09
2.09640098023e-09
2.26510812354e-09
2.49084341205e-09
2.78305581617e-09
3.15434259814e-09
3.62205355146e-09
4.21036180256e-09
4.95319942604e-09
5.89864268579e-09
7.11567955399e-09
1.82790840369e-09
1.83485423432e-09
1.85537455558e-09
1.89945609031e-09
1.97699296969e-09
2.09640097247e-09
2.26510811778e-09
2.4908434082e-09
2.78305581417e-09
3.15434259787e-09
3.62205355278e-09
4.21036180522e-09
4.95319943005e-09
5.89864269108e-09
7.11567956078e-09
1.82790839194e-09
1.83485422319e-09
1.85537454549e-09
1.89945608166e-09
1.97699296257e-09
2.09640096695e-09
2.26510811386e-09
2.49084340588e-09
2.78305581335e-09
3.15434259844e-09
3.62205355468e-09
4.21036180851e-09
4.95319943468e-09
5.89864269737e-09
7.11567956854e-09
1.82790838333e-09
1.83485421501e-09
1.85537453812e-09
1.89945607532e-09
1.97699295749e-09
2.09640096315e-09
2.26510811142e-09
2.49084340474e-09
2.78305581341e-09
3.15434259967e-09
3.6220535571e-09
4.21036181207e-09
4.95319943947e-09
5.8986427036e-09
7.11567957681e-09
1.82790837701e-09
1.83485420905e-09
1.8553745328e-09
1.89945607087e-09
1.97699295401e-09
2.09640096076e-09
2.2651081101e-09
2.49084340445e-09
2.78305581413e-09
3.15434260138e-09
3.6220535598e-09
4.21036181579e-09
4.95319944422e-09
5.89864270907e-09
7.11567958331e-09
1.82790837255e-09
1.83485420491e-09
1.85537452915e-09
1.89945606783e-09
1.97699295178e-09
2.09640095939e-09
2.26510810961e-09
2.49084340486e-09
2.78305581537e-09
3.15434260356e-09
3.62205356287e-09
4.21036181979e-09
4.9531994492e-09
5.89864271539e-09
7.11567959321e-09
1.82790836947e-09
1.83485420199e-09
1.85537452661e-09
1.89945606592e-09
1.97699295051e-09
2.09640095883e-09
2.26510810976e-09
2.49084340567e-09
2.78305581703e-09
3.15434260599e-09
3.62205356613e-09
4.21036182399e-09
4.95319945454e-09
5.89864272266e-09
7.11567960452e-09
1.82790836753e-09
1.83485420026e-09
1.85537452522e-09
1.89945606495e-09
1.97699295008e-09
2.09640095896e-09
2.26510811048e-09
2.49084340704e-09
2.78305581901e-09
3.15434260863e-09
3.62205356951e-09
4.21036182823e-09
4.95319945988e-09
5.89864272921e-09
7.11567961262e-09
1.8279083665e-09
1.83485419941e-09
1.85537452462e-09
1.89945606468e-09
1.97699295019e-09
2.09640095955e-09
2.2651081116e-09
2.49084340875e-09
2.78305582129e-09
3.15434261157e-09
3.62205357306e-09
4.21036183256e-09
4.95319946506e-09
5.89864273524e-09
7.11567961905e-09
1.82790836616e-09
1.83485419915e-09
1.85537452453e-09
1.89945606492e-09
1.97699295078e-09
2.09640096055e-09
2.26510811307e-09
2.49084341069e-09
2.78305582376e-09
3.15434261458e-09
3.62205357679e-09
4.21036183701e-09
4.95319947028e-09
5.89864274135e-09
7.11567962598e-09
1.82790836634e-09
1.83485419939e-09
1.85537452497e-09
1.89945606559e-09
1.97699295174e-09
2.09640096186e-09
2.26510811472e-09
2.49084341276e-09
2.78305582638e-09
3.15434261767e-09
3.6220535805e-09
4.21036184144e-09
4.95319947553e-09
5.89864274759e-09
7.11567963339e-09
1.82790836693e-09
1.83485420006e-09
1.85537452578e-09
1.89945606657e-09
1.97699295297e-09
2.09640096334e-09
2.26510811658e-09
2.49084341503e-09
2.78305582903e-09
3.15434262088e-09
3.62205358428e-09
4.21036184586e-09
4.95319948082e-09
5.89864275382e-09
7.11567964162e-09
1.82790836786e-09
1.83485420103e-09
1.85537452686e-09
1.89945606779e-09
1.97699295441e-09
2.09640096504e-09
2.26510811855e-09
2.49084341733e-09
2.78305583178e-09
3.15434262406e-09
3.62205358808e-09
4.21036185037e-09
4.95319948615e-09
5.89864276009e-09
7.11567964992e-09
1.82790836905e-09
1.83485420223e-09
1.85537452814e-09
1.89945606922e-09
1.97699295602e-09
2.09640096683e-09
2.26510812065e-09
2.49084341976e-09
2.78305583457e-09
3.15434262739e-09
3.62205359196e-09
4.21036185501e-09
4.95319949155e-09
5.89864276654e-09
7.115679658e-09
1.82790837037e-09
1.83485420359e-09
1.85537452959e-09
1.89945607078e-09
1.97699295776e-09
2.09640096884e-09
2.26510812286e-09
2.49084342228e-09
2.78305583749e-09
3.15434263083e-09
3.62205359595e-09
4.21036185967e-09
4.95319949722e-09
5.89864277329e-09
7.11567966501e-09
1.82790837188e-09
1.83485420515e-09
1.8553745312e-09
1.89945607251e-09
1.97699295961e-09
2.09640097086e-09
2.26510812518e-09
2.49084342494e-09
2.78305584051e-09
3.15434263426e-09
3.62205359993e-09
4.2103618643e-09
4.95319950273e-09
5.89864277975e-09
7.11567967135e-09
1.82790837345e-09
1.83485420676e-09
1.85537453291e-09
1.89945607428e-09
1.97699296151e-09
2.09640097296e-09
2.26510812752e-09
2.49084342758e-09
2.7830558435e-09
3.1543426377e-09
3.62205360399e-09
4.21036186904e-09
4.9531995083e-09
5.898642787e-09
7.11567968137e-09
1.82790837515e-09
1.8348542085e-09
1.85537453465e-09
1.89945607611e-09
1.97699296348e-09
2.0964009751e-09
2.26510812992e-09
2.49084343023e-09
2.78305584658e-09
3.1543426412e-09
3.62205360798e-09
4.21036187376e-09
4.95319951401e-09
5.89864279383e-09
7.11567968883e-09
1.82790837693e-09
1.8348542103e-09
1.85537453651e-09
1.89945607801e-09
1.97699296551e-09
2.09640097725e-09
2.26510813228e-09
2.49084343291e-09
2.78305584959e-09
3.15434264472e-09
3.62205361204e-09
4.21036187851e-09
4.95319951957e-09
5.89864280014e-09
7.11567969493e-09
1.8279083787e-09
1.83485421207e-09
1.85537453831e-09
1.89945607995e-09
1.97699296752e-09
2.09640097948e-09
2.26510813467e-09
2.49084343559e-09
2.78305585262e-09
3.15434264824e-09
3.62205361617e-09
4.21036188329e-09
4.95319952522e-09
5.89864280703e-09
7.11567970389e-09
1.82790838053e-09
1.83485421394e-09
1.85537454022e-09
1.89945608187e-09
1.97699296954e-09
2.09640098169e-09
2.26510813711e-09
2.49084343827e-09
2.78305585568e-09
3.15434265173e-09
3.62205362018e-09
4.21036188806e-09
4.95319953083e-09
5.89864281341e-09
7.11567970996e-09
1.82790838239e-09
1.83485421577e-09
1.85537454206e-09
1.89945608381e-09
1.97699297159e-09
2.09640098386e-09
2.26510813951e-09
2.49084344101e-09
2.78305585876e-09
3.15434265521e-09
3.62205362422e-09
4.21036189274e-09
4.95319953633e-09
5.89864281995e-09
7.11567971789e-09
1.82790838417e-09
1.83485421761e-09
1.85537454392e-09
1.89945608571e-09
1.97699297361e-09
2.09640098601e-09
2.26510814188e-09
2.49084344362e-09
2.78305586174e-09
3.1543426586e-09
3.62205362823e-09
4.21036189746e-09
4.95319954201e-09
5.89864282717e-09
7.11567972788e-09
1.8279083859e-09
1.83485421934e-09
1.85537454569e-09
1.89945608753e-09
1.97699297551e-09
2.09640098804e-09
2.26510814411e-09
2.49084344611e-09
2.78305586455e-09
3.15434266189e-09
3.62205363203e-09
4.210361902e-09
4.95319954744e-09
5.89864283342e-09
7.11567973453e-09
1.82790838748e-09
1.83485422093e-09
1.8553745473e-09
1.89945608921e-09
1.97699297729e-09
2.09640098998e-09
2.2651081462e-09
2.49084344845e-09
2.78305586726e-09
3.15434266498e-09
3.62205363564e-09
4.21036190621e-09
4.95319955241e-09
5.89864283962e-09
7.11567974306e-09
1.82790838887e-09
1.83485422235e-09
1.85537454876e-09
1.89945609074e-09
1.97699297887e-09
2.09640099166e-09
2.26510814804e-09
2.49084345053e-09
2.78305586956e-09
3.15434266771e-09
3.62205363888e-09
4.21036191015e-09
4.95319955737e-09
5.89864284607e-09
7.11567975236e-09
1.82790838998e-09
1.83485422345e-09
1.85537454989e-09
1.89945609185e-09
1.97699298007e-09
2.09640099298e-09
2.2651081495e-09
2.4908434521e-09
2.7830558714e-09
3.15434266987e-09
3.62205364149e-09
4.21036191338e-09
4.95319956141e-09
5.89864285085e-09
7.11567975748e-09
1.82790839063e-09
1.83485422415e-09
1.8553745506e-09
1.89945609261e-09
1.97699298083e-09
2.09640099373e-09
2.26510815031e-09
2.490843453e-09
2.78305587235e-09
3.154342671e-09
3.62205364298e-09
4.21036191537e-09
4.95319956397e-09
5.89864285412e-09
7.11567976231e-09
)
;

boundaryField
{
    inlet1
    {
        type            calculated;
        value           uniform 6.88937e-08;
    }
    inlet2
    {
        type            calculated;
        value           uniform 6.88937e-08;
    }
    outlet
    {
        type            calculated;
        value           nonuniform List<scalar> 
30
(
7.11567976456e-09
5.89864285613e-09
4.95319956507e-09
4.21036191604e-09
3.62205364347e-09
3.15434267151e-09
2.78305587278e-09
2.49084345325e-09
2.2651081504e-09
2.09640099376e-09
1.97699298077e-09
1.89945609244e-09
1.85537455043e-09
1.83485422403e-09
1.82790839059e-09
1.82790839063e-09
1.83485422415e-09
1.8553745506e-09
1.89945609261e-09
1.97699298083e-09
2.09640099373e-09
2.26510815031e-09
2.490843453e-09
2.78305587235e-09
3.154342671e-09
3.62205364298e-09
4.21036191537e-09
4.95319956397e-09
5.89864285412e-09
7.11567976231e-09
)
;
    }
    walls
    {
        type            nutkWallFunction;
        Cmu             0.09;
        kappa           0.41;
        E               9.8;
        value           uniform 0;
    }
    frontAndBack
    {
        type            empty;
    }
}


// ************************************************************************* //
